-12.14107
-12.14107
-0.99640
-1.17056
-1.36265
-1.56035
-1.76081
-1.98315
-2.18450
-2.37913
-2.56274
-2.69712
-2.84656
-2.98034
-3.07932
-3.07488
-3.09984
-3.14636
-3.58400
-3.73971
-3.69987
-3.65151
-3.62967
-3.57397
-3.47403
-3.33229
-4.43421
-4.65206
-4.70920
-4.79883
-5.31392
-5.33058
-4.57115
-4.47443
-5.39987
-5.53638
-5.28994
2.13052
-5.70408
-4.55538
-4.20253
-3.94033
-5.58039
-5.23546
-5.07439
-6.42605
-6.14374
-6.95503
-6.96948
-7.20270
-7.14336
-8.70882
-8.55107
-8.46557
-7.98965
-10.00299
-8.77627
-9.53284
-10.19201
-10.08501
-12.16338
-10.71829
-10.77186
-10.36788
-11.14102
-13.40118
-13.53917
-11.90107
-11.84042
-12.40591
-12.47904
-13.80631
-12.34023
-12.29543
-7.01533
-11.63122
-14.61036
-15.26083
-14.06134
-15.82087
-14.60015
-13.48715
-11.36736
-8.28841
-10.23788
-14.29483
-12.52959
-9.91746
-6.95497
-12.81047
-7.42261
-10.18090
-12.14107
