3.33152
4.38275
2.14333
-2.86997
1.93677
-1.13146
-2.01726
-1.66765
2.13198
-4.35216
1.85130
-6.33047
1.25172
-6.63105
0.60679
-1.19055
3.73164
0.79418
0.84031
-5.91259
2.46992
-1.07950
-3.16318
-4.18338
-3.45749
-1.32035
-3.07056
-4.37333
-2.57259
-4.20795
-6.86482
-7.13391
-8.18255
-4.42780
-8.54322
-11.46286
-1.38257
-9.63336
-13.51529
-0.88297
-1.31410
0.19837
-13.23520
-10.26776
-14.16683
-13.68392
-7.72879
-9.38458
-15.58482
-11.60838
-11.52929
-8.73251
0.30119
-10.64168
-16.12540
-16.65278
-18.42579
-13.03271
-11.26427
-17.88544
-8.25782
-18.73339
-18.02493
-21.13015
-20.36960
-12.68577
-6.81048
-15.84462
-27.60548
-25.39516
-25.56941
-26.57573
-30.32133
-19.50597
-25.28645
-13.27417
-21.44930
-25.05263
-26.12281
-28.84701
-24.86669
-17.46294
-26.93895
-24.84176
-30.85897
-34.34938
-33.35590
-35.51389
-35.93267
-29.92800
-37.22432
-38.53600
-32.91866
-40.24228
-35.35170
-30.73133
-43.48623
-25.00583
-38.72974
-32.51673
-51.14081
-33.68610
-45.09070
-42.72114
-45.27393
-44.05043
-55.18896
-33.55382
-47.08842
-30.90003
-42.52180
-53.49108
-34.11599
-52.58276
-24.10051
-54.87251
-54.70376
-51.08918
-55.89505
-56.03738
-55.06096
-53.58412
-57.50495
-63.49656
-55.78556
-52.72075
-58.05265
-57.67588
-65.83929
-55.83770
-66.23609
-43.30212
-68.88335
-53.02249
-58.06324
-69.95558
-64.60126
-60.66721
-60.92406
-60.43551
-75.99075
-75.85368
-71.25444
-77.57350
-79.37341
-75.52233
-66.89525
-63.90133
-76.77024
-72.89336
-79.79667
-84.39415
-84.65928
-84.31097
-87.02818
-70.94611
-78.17069
-76.08227
-85.93833
-89.19173
-87.25934
-92.83996
-90.12499
-87.01414
-99.04442
-99.35820
-91.29352
-93.54725
-76.51384
-84.09615
-97.15173
-103.78338
-103.42146
-103.82383
-114.00646
-104.27680
-118.54304
-103.13721
-87.67418
-108.72555
-109.04341
-106.41105
-119.21260
-118.61454
-121.99649
-134.94728
-111.34423
-116.54011
-129.51460
-121.05353
-121.11958
-137.62604
-131.52176
-134.98351
-139.50144
-129.20204
-127.79426
-125.50052
-139.13531
-140.23422
-145.87969
-128.20547
-147.35006
-133.25402
-128.77168
-125.83499
-152.06019
-138.95299
-153.64359
-143.39265
-132.08614
-150.86502
-148.84886
-151.29567
-157.31825
-152.02710
-162.70003
-175.05881
-155.14098
-147.55248
-158.11182
-153.24952
-150.66403
-172.10091
-169.25734
-155.81997
-179.78051
-161.76884
-189.37795
-162.26929
-166.60176
-172.68171
-172.67977
-181.79956
-182.53608
-188.37854
-187.88776
-169.02810
-177.39409
-180.37927
-186.65414
-191.21522
-210.30187
-204.03739
-191.86094
-192.77661
-223.13275
-207.96086
-195.47186
-211.36157
-198.28833
-198.02308
-203.15188
-186.65429
-205.86018
-195.13985
-219.11530
-219.63250
-211.44366
-210.52985
-236.78317
-216.93434
-221.12251
-226.54255
-237.98728
-225.78254
-237.08654
-230.48850
-252.94849
-234.60585
-255.78171
-230.31787
-257.88758
-253.72385
-249.39194
-237.68640
-264.46261
-251.39565
-257.66272
-245.22213
-261.86845
-239.22554
-266.45862
-244.81377
-275.41082
-279.04319
-282.04870
-271.01267
-298.44244
-266.24260
-274.82472
-266.22712
-269.67606
-290.49315
-285.39719
-268.06182
-297.27784
-289.49109
-287.34073
-291.46686
-312.84082
-291.88423
-297.54431
-292.50162
-311.79224
-284.17826
-306.64402
-315.55501
-309.60866
-300.46812
-323.11442
-297.53532
-310.89404
-315.42333
-327.15219
-323.96537
-328.59706
-307.87167
-332.70259
-322.48676
-337.68798
-352.31467
-353.23016
-352.32031
-345.75672
-330.36644
-350.04839
-332.77480
-361.68706
-329.43567
-359.63234
-368.00006
-345.88873
-328.84409
-365.52997
-373.43753
-362.08318
-396.05509
-364.00763
-347.19590
-390.82487
-373.74431
-352.52266
-353.13773
-388.98748
-391.14294
-399.97008
-397.36088
-390.43979
-393.29705
-377.88782
-382.12742
-404.93233
-398.60751
-405.52836
-404.83429
-392.26723
-397.56000
-398.87765
-424.71668
-429.35814
-413.13178
