-0.00047
-0.00057
-0.00068
-0.00080
-0.00092
-0.00130
-0.00148
-0.00144
-0.00187
-0.00208
-0.00231
-0.00244
-0.00240
-0.00274
-0.00335
-0.00347
-0.00328
-0.00356
-0.00503
-0.00536
-0.00550
-0.00864
-0.01142
-0.00808
-0.00858
-0.01576
-0.01391
-0.00987
-0.01317
-0.01406
-0.01425
-0.01884
-0.01264
-0.01452
-0.04325
-0.02014
-0.04801
-0.02010
-0.02803
-0.02434
-0.02608
-0.01488
-0.02649
-0.02634
-0.19573
-0.22543
-0.02147
-0.03369
-0.03930
-0.05081
-0.11833
-0.12539
-0.26669
-0.21952
-0.15446
-0.10810
-0.18363
-0.10870
-0.18623
-0.23101
-0.21097
-0.18292
-0.25818
-0.31735
-0.33532
-0.50716
-0.31714
-0.44640
-0.48249
-0.40599
-0.57023
-0.61289
-0.80628
-0.68774
-0.36592
-0.46484
-1.03966
-0.37487
-0.98652
-0.52097
-0.74917
-0.61379
-1.66199
-0.43126
-1.51182
-0.71941
-0.95209
-0.96242
-1.71757
-1.69827
-0.77360
