0.05597
13308.73681
0.06404
638.98796
0.06424
776.48967
0.06425
4544.80201
0.04286
7432.2357
0.05222
1154.48022
0.04885
28891.098940
0.04952
41382.19951
0.05085
9193.71063
0.05721
39879.47352
0.05367
48890.08401
0.05816
55471.92436
0.06054
24938.46451
0.05460
220.20231
0.05628
10136.78362
0.06517
583217.91176
0.04528
239.37189
0.04570
61402.29592
0.04395
969.96895
0.04397
1549.61499
0.03185
496.22721
0.04262
2518.99874
0.03679
4048.37320
0.02160
3497.98712
0.02726
3204.41807
0.02176
13222.21408
0.03037
996.41423
0.02395
23572.18712
0.03359
67274.17883
0.03688
14721.71905
0.01387
328705.87227
0.00796
79.94572
0.02267
3537.18542
0.02328
146907.99651
0.03002
14676.57400
0.02099
92.96594
0.00717
613.69338
0.01079
780.98106
0.00790
970.95962
0.00131
144858.60355
0.00282
2207.57168
-0.00247
81.47558
-0.00434
567089.97729
-0.00942
90209.11965
-0.01521
184.40680
-0.00618
271.42642
-0.01657
53.12880
-0.01485
1261.87400
-0.01814
55.02665
-0.02454
114.47261
-0.02234
880.95088
-0.02438
799.78774
-0.03568
250.09772
-0.02236
95.80100
-0.03544
33.63521
-0.02845
84827.35151
-0.03591
73.94033
-0.04005
62.60181
-0.04341
122.71292
-0.04052
71.70428
-0.04254
101.21784
-0.03930
679.57349
-0.03754
60.23864
-0.04592
77.64285
-0.04551
56.12431
-0.05363
25.41557
-0.05354
175.20817
-0.04538
18.00856
-0.04760
62.71993
-0.04741
20.31632
-0.05580
9.32164
-0.05583
36.86027
-0.05578
17.28252
-0.06858
12.47832
-0.06286
53.26884
-0.06159
25.49490
-0.06781
15.24593
-0.06360
20.78725
-0.06982
26.77855
-0.06651
36.72312
-0.06765
8.93913
-0.07146
45.79826
-0.07288
6.73294
-0.07152
12.60280
-0.08004
33.87085
-0.07542
14.55451
-0.08255
7.54829
-0.08499
7.71557
-0.09249
11.23478
-0.08064
5.61163
-0.08581
6.70266
-0.08929
5.68471
-0.08280
5.96164
-0.09543
5.46574
-0.08446
6.98181
-0.09148
13.02701
-0.09610
9.95959
-0.09651
3.85832
-0.09988
5.40028
-0.10405
4.32968
-0.09591
3.50025
-0.10098
3.97366
-0.09933
5.90292
-0.09772
3.95800
-0.09324
5.41180
-0.09559
3.10545
-0.10460
2.86988
-0.10521
3.71583
-0.10472
4.83609
-0.09760
3.32002
-0.09811
3.07223
-0.10117
2.93324
-0.10272
1.84176
-0.11101
2.70006
-0.10801
2.21559
-0.11126
2.54215
-0.11029
2.32066
-0.10383
3.95390
-0.10831
1.86577
-0.10404
2.19740
-0.11407
2.24576
-0.11494
1.71621
-0.11400
2.25093
-0.10137
1.76394
-0.10977
2.04547
-0.10997
1.64794
-0.11100
1.75856
-0.10217
1.49691
-0.10160
1.72244
-0.10404
1.61708
-0.10787
1.77966
-0.09711
1.45889
-0.10028
1.61941
-0.09444
1.55878
-0.09979
1.42730
-0.09309
1.50039
-0.10194
1.63840
-0.09618
1.29818
-0.09099
1.25189
-0.09905
1.79671
-0.09539
1.43323
-0.09267
1.34780
-0.08641
1.35382
-0.08918
1.42205
-0.08339
2.06917
-0.08617
1.32496
-0.07902
1.33249
-0.08489
1.44425
-0.08600
1.17681
-0.07552
1.10000
-0.07966
1.24699
-0.06150
1.06917
-0.07718
1.04257
-0.06702
1.00846
-0.06903
1.01696
-0.06757
1.19047
-0.06337
1.22357
-0.06671
1.18094
-0.06812
0.97401
-0.06257
0.89193
-0.04909
0.90466
-0.06331
1.14116
-0.05806
0.92688
-0.05164
0.96866
-0.05395
1.05763
-0.05814
0.89600
-0.04105
0.87657
-0.04375
0.83104
-0.02570
0.96522
-0.03692
1.02774
-0.03658
0.88968
-0.02841
0.94904
-0.02614
0.85176
-0.02451
0.85818
-0.02644
0.85263
-0.01844
0.85844
-0.02042
0.96928
-0.00717
0.82476
-0.01296
0.69172
-0.01314
0.64505
-0.00590
0.84804
