13308.73681
638.98796
776.48967
4544.80201
1154.48022
41382.19951
9193.71063
39879.47352
55471.92436
24938.46451
220.20231
10136.78362
583217.91176
239.37189
61402.29592
969.96895
1549.61499
496.22721
4048.37320
3204.41807
13222.21408
996.41423
67274.17883
14721.71905
328705.87227
79.94572
3537.18542
146907.99651
14676.57400
92.96594
613.69338
970.95962
144858.60355
2207.57168
81.47558
567089.97729
90209.11965
184.40680
271.42642
53.12880
1261.87400
55.02665
114.47261
880.95088
799.78774
250.09772
95.80100
33.63521
84827.35151
73.94033
62.60181
122.71292
71.70428
101.21784
679.57349
60.23864
77.64285
56.12431
25.41557
175.20817
18.00856
62.71993
20.31632
9.32164
36.86027
17.28252
12.47832
53.26884
25.49490
15.24593
20.78725
26.77855
36.72312
8.93913
45.79826
6.73294
12.60280
33.87085
14.55451
7.54829
7.71557
11.23478
5.61163
6.70266
5.68471
5.96164
5.46574
6.98181
13.02701
9.95959
3.85832
5.40028
4.32968
3.50025
3.97366
5.90292
3.95800
5.41180
3.10545
2.86988
3.71583
4.83609
3.32002
3.07223
2.93324
1.84176
2.70006
2.21559
2.54215
2.32066
3.95390
1.86577
2.19740
2.24576
1.71621
2.25093
1.76394
2.04547
1.64794
1.75856
1.49691
1.72244
1.61708
1.77966
1.45889
1.61941
1.55878
1.42730
1.50039
1.63840
1.29818
1.25189
1.79671
1.43323
1.34780
1.35382
1.42205
2.06917
1.32496
1.33249
1.44425
1.17681
1.10000
1.24699
1.06917
1.04257
1.00846
1.01696
1.19047
1.22357
1.18094
0.97401
0.89193
0.90466
1.14116
0.92688
0.96866
1.05763
0.89600
0.87657
0.83104
0.96522
1.02774
0.88968
0.94904
0.85176
0.85818
0.85263
0.85844
0.96928
0.82476
0.69172
0.64505
0.84804
