3.33152
-0.35176
2.14333
-3.82594
1.93677
0.07961
-2.01726
-3.82848
2.13198
-2.14315
1.85130
3.90244
1.25172
-3.22894
0.60679
-5.51258
3.73164
-6.16882
0.84031
-6.40873
2.46992
-5.70055
-3.16318
-7.46133
-3.45749
-7.11817
-3.07056
-8.18448
-2.57259
-4.50495
-6.86482
-8.41968
-8.18255
0.65982
-8.54322
-11.40249
-1.38257
-10.87580
-13.51529
-11.32195
-1.31410
-7.16020
-13.23520
-5.57185
-14.16683
-10.81635
-7.72879
-9.37380
-15.58482
-20.46698
-11.52929
-18.35190
0.30119
-10.86574
-16.12540
-7.95070
-18.42579
-14.97371
-11.26427
-19.45262
-8.25782
-13.91600
-18.02493
-18.84909
-20.36960
-9.96338
-6.81048
-26.16464
-27.60548
-14.64915
-25.56941
-23.67118
-30.32133
-16.14256
-25.28645
-19.66170
-21.44930
-27.28215
-26.12281
-17.91573
-24.86669
-24.84763
-26.93895
-31.37242
-30.85897
-19.01557
-33.35590
-35.26355
-35.93267
-26.59352
-37.22432
-29.06612
-32.91866
-29.21131
-35.35170
-36.29793
-43.48623
-32.01961
-38.72974
-46.54095
-51.14081
-34.50010
-45.09070
-37.44035
-45.27393
-40.53954
-55.18896
-45.26071
-47.08842
-47.18214
-42.52180
-44.57522
-34.11599
-48.57528
-24.10051
-30.23607
-54.70376
-48.21093
-55.89505
-52.72866
-55.06096
-46.85637
-57.50495
-53.49358
-55.78556
-53.53682
-58.05265
-62.22963
-65.83929
-63.95971
-66.23609
-61.62864
-68.88335
-64.72083
-58.06324
-69.69834
-64.60126
-70.86830
-60.92406
-68.32409
-75.99075
-51.76720
-71.25444
-73.69970
-79.37341
-66.88982
-66.89525
-75.99338
-76.77024
-81.69568
-79.79667
-88.18008
-84.65928
-90.08574
-87.02818
-86.30794
-78.17069
-80.56486
-85.93833
-87.73490
-87.25934
-92.73376
-90.12499
-68.17771
-99.04442
-84.92142
-91.29352
-80.50170
-76.51384
-116.84103
-97.15173
-104.44569
-103.42146
-92.96454
-114.00646
-100.26294
-118.54304
-96.59351
-87.67418
-108.76667
-109.04341
-119.42964
-119.21260
-118.17809
-121.99649
-121.63291
-111.34423
-122.45343
-129.51460
-112.35294
-121.11958
-133.83558
-131.52176
-138.37101
-139.50144
-126.47910
-127.79426
-116.68291
-139.13531
-126.16835
-145.87969
-136.21879
-147.35006
-135.92200
-128.77168
-141.90615
-152.06019
-139.06532
-153.64359
-160.62813
-132.08614
-142.21875
-148.84886
-163.48954
-157.31825
-157.65502
-162.70003
-147.23486
-155.14098
-150.49344
-158.11182
-160.66052
-150.66403
-168.66997
-169.25734
-153.82140
-179.78051
-165.42977
-189.37795
-177.35392
-166.60176
-181.50410
-172.67977
-174.45115
-182.53608
-183.27074
-187.88776
-192.32885
-177.39409
-173.59060
-186.65414
-203.17378
-210.30187
-205.57038
-191.86094
-201.44464
-223.13275
-200.07801
-195.47186
-212.33704
-198.28833
-214.08007
-203.15188
-207.20773
-205.86018
-202.31173
-219.11530
-203.40374
-211.44366
-220.80520
-236.78317
-222.84024
-221.12251
-244.96869
-237.98728
-228.50206
-237.08654
-230.60973
-252.94849
-238.78566
-255.78171
-252.46401
-257.88758
-248.10488
-249.39194
-238.93818
-264.46261
-254.82243
-257.66272
-263.01652
-261.86845
-273.83681
-266.45862
-276.50640
-275.41082
-273.39689
-282.04870
-273.08552
-298.44244
-274.16856
-274.82472
-275.34550
-269.67606
-271.30761
-285.39719
-306.08378
-297.27784
-269.67561
-287.34073
-276.34233
-312.84082
-291.06557
-297.54431
-285.68341
-311.79224
-307.57756
-306.64402
-316.93034
-309.60866
-292.06896
-323.11442
-317.22541
-310.89404
-293.59859
-327.15219
-303.63423
-328.59706
-314.48921
-332.70259
-342.75137
-337.68798
-324.57318
-353.23016
-350.67803
-345.75672
-327.01710
-350.04839
-311.93702
-361.68706
-344.32001
-359.63234
-345.50518
-345.88873
-355.97303
-365.52997
-359.45873
-362.08318
-370.97780
-364.00763
-354.72461
-390.82487
-379.99895
-352.52266
-356.26283
-388.98748
-358.18262
-399.97008
-396.50510
-390.43979
-401.99033
-377.88782
-386.82640
-404.93233
-383.65679
-405.52836
-391.39830
-392.26723
-406.42285
-398.87765
-406.06548
-429.35814
-409.55779
