-0.88792
-3.21677
-0.97914
-8.76850
-1.49099
-1.18261
-2.74298
-0.46542
-2.83378
116.77933
-2.95936
-7.11508
-3.10190
-0.73678
-1.95632
22.41919
-2.07502
-7.57899
-2.21992
-5.02119
-2.40697
-1.61413
-2.53127
-0.84543
-2.12993
-3.78966
-2.23619
13.63946
-2.82597
-5.44111
-1.90616
-4.52568
-2.22120
-7.17935
-2.18164
14.28165
-1.38364
-3.53180
-1.35198
-10.68552
-1.49344
-3.19485
-2.99954
-6.41066
-2.00853
-21.84567
-3.14930
-5.05808
-3.00467
-8.36387
-2.07842
-3.02310
-1.94073
-4.77840
-3.27606
12.63923
-1.37537
-12.72270
-2.83783
-1.35787
-2.85219
-5.93742
-3.06440
18.43285
-3.67635
-4.55804
-3.80515
-5.47819
-1.63858
-8.07802
-1.91992
-6.45430
-4.43611
-3.48810
-4.27133
-12.45145
-5.74534
-12.81624
-7.50989
-5.89614
-3.91530
-3.64612
-3.08210
-20.96985
-3.83916
-7.47728
-3.81762
-5.11006
-4.51725
-7.24403
-7.59023
-13.56062
-7.73252
-18.90131
-3.91412
-7.99553
-3.04781
-23.39446
-5.31288
-6.56374
-4.51025
-10.84866
-6.79933
-11.95932
-7.54733
-11.35714
-5.15167
-7.97898
-5.96461
-11.98721
-6.76960
-14.44130
-7.63856
-9.85791
-7.66977
-6.97069
-8.32679
-6.48538
-8.12969
-8.73270
-9.49792
3.51609
-7.58753
24.73146
1.42454
31.89718
56.48296
-7.60186
-10.81460
40.49492
-9.09067
9.17484
-6.48581
180.88481
-11.01485
-10.33081
-11.40873
-10.94400
-12.01431
-7.13843
-13.29992
3594.47874
-13.75583
-10.62845
-1.05072
-3.79984
-11.05714
-15.06456
18.67534
2.11673
-10.24095
-13.44769
-8.94286
6.01480
-9.33907
-16.26778
-10.35463
3.98341
-10.54512
-14.30279
-14.84155
-8.42013
-10.72243
-19.26181
-11.46493
-12.26765
-12.72411
-17.97411
-12.54621
-10.28372
-10.94105
-17.37976
-13.06677
2.53221
-11.02611
-13.66765
-11.42814
6.93750
-11.87263
-24.76400
-10.28695
-10.50381
-16.94358
-9.93615
-5.52827
-14.53644
-9.93797
3.85706
-14.93855
0.23207
-9.24445
22792.58048
-15.06338
-18.66303
-14.07218
-24.03512
-12.92711
-30.96669
-12.93227
-17.46183
-5.86003
-9.63416
-21.08142
-22.59278
-5.70552
-10.32563
-15.96342
0.51898
-10.16210
-19.55424
-7.73913
-14.09823
-20.48761
5.37256
-12.91079
-22.56806
-19.93072
-26.42447
-17.16270
-21.48128
-8.20845
-13.10101
-16.07068
-8.09694
-5.34659
-19.21630
-10.75763
-25.16151
-16.28757
-18.89255
-18.59655
-30.54681
-18.76309
-9.72451
-15.77629
5.90859
-9.63641
-18.39252
-0.44616
-3.35606
27.73792
-13.54364
-25.21330
12.75214
-19.68067
-23.83742
-17.08031
-16.70398
-19.29788
-38.77281
-10.92421
-34.13495
-24.19315
16.05360
-22.20030
-23.00714
-16.40894
20.51560
-13.31057
39.79041
21.85129
-26.16042
10.57415
-43.16780
-13.34489
-19.67881
-4.43110
-30.72789
-1.10794
67.52474
-1.21716
-15.76881
-8.65661
512318.05857
-11.03117
-22.36445
-4.08932
-18.88651
-17.68296
-20.67009
-22.51593
-18.28972
-25.12688
-11.26072
-18.31961
-15.52833
-14.99772
-14.04855
3.04400
-28.72819
-15.66115
62.93301
-13.66874
-37.93054
-14.93045
-28.43135
-17.08652
-22.58418
-20.22821
-18.89366
-26.43966
-18.02636
-10.09024
-17.99710
-26.17824
34.36690
-22.22047
-9.29673
3.58986
-36.76565
-1.99771
38.98711
-2.17336
-33.89993
-12.11590
-20.09107
-16.05710
-32.43857
-12.42709
-33.49214
-10.51929
-21.71538
-7.03914
-12.79051
-25.03337
13.03559
-11.13638
-46.39832
-17.11826
24.42139
-28.96879
-37.97688
-17.41763
-20.49411
-9.45654
-23.37040
-20.76761
-6.35472
-12.78094
-17.20597
-27.79053
-17.49603
-24.34789
26.80562
-23.14591
-27.85078
51.45930
313085.85837
-20.72265
-35.18762
-3.50272
-22.72085
-20.61041
-23.11982
-15.32463
-26.88875
7.15125
-34.74997
-19.33346
-33.35633
-4.38634
-8.81230
