3.33152
1.05029
1.93677
-3.55156
2.13198
-3.66199
1.25172
-5.76455
3.73164
-4.29114
2.46992
-4.51191
-3.45749
-6.58756
-2.57259
-8.09424
-8.18255
-8.43053
-1.38257
-3.69407
-1.31410
-5.06649
-14.16683
-14.31216
-15.58482
-8.76401
0.30119
-17.69864
-18.42579
-15.00298
-8.25782
-13.48360
-20.36960
-23.95058
-27.60548
-28.25686
-30.32133
-16.32276
-21.44930
-22.70068
-24.86669
-27.82150
-30.85897
-17.86598
-35.93267
-25.09621
-32.91866
-35.50901
-43.48623
-37.52047
-51.14081
-39.14876
-45.27393
-30.98950
-47.08842
-55.38311
-34.11599
-47.53790
-54.70376
-56.06457
-55.06096
-48.91662
-55.78556
-46.56397
-65.83929
-64.61949
-68.88335
-49.93639
-64.60126
-69.29094
-75.99075
-70.29981
-79.37341
-67.51326
-76.77024
-84.47972
-84.65928
-80.66135
-78.17069
-84.59316
-87.25934
-85.08913
-99.04442
-96.26065
-76.51384
-100.54834
-103.42146
-100.49873
-118.54304
-120.22531
-109.04341
-110.87881
-121.99649
-127.91004
-129.51460
-117.99499
-131.52176
-124.60018
-127.79426
-119.63590
-145.87969
-134.27331
-128.77168
-146.22804
-153.64359
-139.93549
-148.84886
-146.91272
-162.70003
-161.99022
-158.11182
-168.13585
-169.25734
-143.78225
-189.37795
-180.18060
-172.67977
-185.20038
-187.88776
-179.45871
-186.65414
-200.95864
-191.86094
-206.28508
-195.47186
-194.89628
-203.15188
-224.89366
-219.11530
-229.66662
-236.78317
-224.93092
-237.98728
-224.30177
-252.94849
-237.76026
-257.88758
-238.81241
-264.46261
-238.49010
-261.86845
-271.79916
-275.41082
-270.06218
-298.44244
-282.55789
-269.67606
-287.83309
-297.27784
-300.99145
-312.84082
-295.99590
-311.79224
-316.52822
-309.60866
-310.80236
-310.89404
-326.31940
-328.59706
-331.86958
-337.68798
-348.77268
-345.75672
-335.39750
-361.68706
-366.09941
-345.88873
-382.95915
-362.08318
-375.98446
-390.82487
-383.54051
-388.98748
-366.82241
-390.43979
-376.77562
-404.93233
-415.35387
-392.26723
-404.77412
-429.35814
-419.55447
