13873.03871
15907.55609
10608.72520
12072.16156
12561.90990
13242.92485
14925.46986
13866.94541
11149.20429
10813.40953
7826.17039
9037.76060
6689.12050
7444.23140
8227.64974
3395.63065
5538.75060
7324.03121
1747.70248
1923.38104
685.91896
-1053.75844
-3695.76764
-4019.17665
-4398.95244
-5409.24325
-8629.87731
-8561.55348
-8665.59497
-10470.47156
-10247.13453
-9023.50981
-10941.41255
-12856.47592
-11415.10112
-13363.40782
-13343.06724
-15027.92740
-16193.90101
-16648.89471
-16104.36492
-17322.30512
-19027.26935
-19571.37806
-21934.74241
-20309.99970
-19590.59433
-19955.44190
-22670.48480
-23536.87485
775744.99846
-22590.12779
854028.87420
-23351.49353
790348.31987
-21885.90638
592408.47669
-24552.90623
511027.82815
-24510.41796
582344.42418
-22931.02657
485421.57955
-23992.87280
509741.77375
-25195.18639
454783.03244
-25681.28742
402527.64947
-25210.53711
529497.38190
-26507.78972
576172.82268
-26471.67856
297243.89763
-25430.54101
303795.34823
-25684.44360
309312.82313
-23459.47911
286892.51142
-24898.46585
262298.07140
-23087.33501
296843.38109
-22963.51049
264922.80357
-23408.64197
229025.73619
-20829.55289
282661.22537
-21847.11360
230447.64049
-19741.31134
222261.44884
-19014.29192
207121.80712
-18011.87026
196697.15444
-19583.48598
185019.62863
-18081.42069
184375.08762
-17508.41825
166432.91719
-15610.67823
162837.69736
-14327.05623
173751.57737
-15379.99233
148876.17220
-11054.48203
164597.50723
-13068.42062
148439.18382
-12114.30824
154393.91323
-9197.50862
153501.88466
-5746.77479
152492.27424
-8178.42738
136365.75722
-5838.57402
140039.63188
-5894.11451
146228.22698
-4551.76129
115548.04182
-2882.77016
120761.57552
-1309.43213
131521.90873
