  -464.90318  1318.74263
  -461.77191  1358.14979
  -458.72872  1411.78743
  -454.93406  1460.83582
  -450.98470  1514.21696
  -446.78717  1574.52729
  -443.67829  1621.53279
  -440.64923  1667.05851
  -439.90042  1667.02685
  -435.01416  1745.97312
  -436.09316  1726.13054
  -431.96765  1784.62653
  -430.07952  1817.26909
  -426.46345  1876.76197
  -419.18349  1994.74225
  -417.81009  2013.29774
  -416.66056  2016.97807
  -414.06619  2055.35279
  -410.68159  2113.33161
  -403.06528  2227.84177
  -399.05379  2288.48254
  -395.08099  2350.33641
  -391.42480  2407.04427
  -392.78142  2396.30908
  -386.42341  2481.96177
  -382.85321  2511.01418
  -383.07634  2503.76979
  -381.66086  2530.79476
  -384.82187  2485.16035
  -384.02471  2496.59329
  -380.75671  2555.79812
  -380.11837  2565.63327
  -376.87444  2593.55429
  -374.45933  2629.86786
  -374.20595  2635.77695
  -373.39351  2641.91747
  -366.92316  2741.45811
  -369.24932  2702.33168
  -361.63491  2814.89059
  -367.41337  2741.26375
  -368.32012  2724.55097
  -370.15345  2701.55075
  -366.43532  2748.03720
  -365.11133  2775.06423
  -368.78174  2720.32970
  -366.41506  2749.63089
  -369.09676  2712.46507
  -369.06899  2722.99328
  -370.25321  2714.88162
  -369.48687  2734.86355
  -375.57331  2661.61178
  -377.11881  2632.93988
  -378.49417  2613.68432
  -377.29790  2624.47185
  -373.40903  2684.34984
  -369.56948  2739.35447
  -364.08544  2820.11137
  -364.88177  2810.17545
  -363.23094  2835.65814
  -362.97801  2826.15321
  -359.04548  2880.64933
  -360.00820  2861.20785
  -362.28271  2828.76899
  -360.21468  2856.31142
  -357.40788  2892.80802
  -355.66751  2915.90859
  -351.52053  2979.91474
  -349.11799  3015.95123
  -345.06873  3059.82120
  -342.79590  3092.82465
  -338.13333  3156.76550
  -338.36782  3147.87089
  -338.31641  3144.20335
  -335.13425  3191.17046
  -337.67168  3153.49621
  -343.51409  3065.90191
  -344.59819  3052.83469
  -346.28734  3037.01804
  -347.91140  3014.27526
  -347.68737  3012.52563
  -345.88639  3031.25561
  -344.70259  3055.92516
  -341.24893  3110.94924
  -340.49683  3136.22711
  -342.22827  3111.86620
  -339.08245  3166.38520
  -340.20404  3144.13304
  -341.07525  3136.37542
  -339.98108  3149.87478
  -339.99089  3145.89686
  -334.18267  3233.15494
  -327.91463  3319.18241
  -322.56500  3388.69168
  -316.43891  3477.79866
  -318.99627  3435.88099
  -322.60327  3372.38495
  -328.92658  3271.56827
  -327.85532  3282.69743
  -327.72372  3278.57017
  -324.02247  3323.21150
  -322.45131  3346.80128
  -321.41763  3370.15489
  -316.42592  3438.36532
  -329.76238  3242.41769
  -326.94975  3282.44858
  -333.48301  3190.85833
  -329.34332  3239.36640
  -321.23661  3353.07922
  -323.22176  3318.86753
  -325.53622  3283.47875
  -328.03727  3254.97747
  -324.62485  3302.49617
  -323.96371  3325.22829
  -330.09962  3230.86487
  -328.79169  3245.09744
  -326.67805  3276.66045
  -338.34429  3100.59966
  -343.82621  3027.45170
  -349.31940  2954.68970
  -353.21977  2897.02255
  -344.89249  3005.84772
  -347.85568  2956.79645
  -341.09859  3039.60407
  -341.85466  3023.84467
  -345.94570  2953.27487
  -345.45765  2942.43020
  -335.00484  3089.08026
  -333.20072  3118.50643
  -328.72332  3181.07071
  -325.93663  3211.00068
  -334.78551  3067.33093
  -331.13572  3107.34273
  -326.98083  3161.36704
  -321.73640  3221.80523
  -321.67994  3234.50474
  -330.32795  3116.45638
  -324.57525  3196.96753
  -325.83298  3187.46899
  -328.10840  3150.93290
  -328.89672  3129.03898
  -328.42992  3150.29827
  -336.77057  3013.36039
  -333.30510  3069.04334
  -335.56549  3038.21665
  -337.41303  3009.59434
  -328.09700  3136.17594
  -334.81226  3045.23863
  -329.48660  3121.08386
  -325.62567  3170.48263
  -331.82023  3079.24522
  -337.87884  3005.56251
  -342.61240  2938.35264
  -350.06662  2818.47026
  -355.55503  2745.52754
  -361.13172  2638.88227
  -364.91082  2578.90965
  -361.67529  2628.78842
  -356.50703  2721.84460
  -360.18526  2658.65667
  -358.81608  2688.23640
  -350.10391  2820.16141
  -347.50860  2865.21379
  -349.62705  2829.06054
  -351.15999  2797.95044
  -352.45020  2777.46625
  -348.59179  2825.10931
  -348.34963  2815.41883
  -354.74793  2712.58286
  -351.43067  2761.27455
  -351.36507  2782.48478
  -357.21314  2696.62417
  -356.04357  2727.76227
  -352.25418  2764.26240
  -351.04714  2774.88590
  -346.42779  2845.28565
  -345.28779  2843.84738
  -349.46922  2774.66510
  -354.57169  2687.81783
  -348.28472  2772.81726
  -351.16879  2733.70909
  -351.02008  2729.61515
  -346.20812  2797.78857
  -348.58738  2764.21281
  -348.57639  2765.25105
  -349.11103  2730.53908
  -353.76891  2658.02391
  -354.45815  2634.84730
  -351.57918  2678.26274
  -354.72389  2627.16836
  -357.92446  2587.65006
  -358.80226  2582.20191
  -369.55011  2422.63177
  -372.01507  2392.63792
  -374.52715  2354.85448
  -371.45356  2412.41163
  -369.92917  2425.72311
  -367.86833  2450.32153
  -374.73064  2350.58187
  -372.88415  2383.56163
  -373.40425  2389.39709
  -371.01433  2420.66672
  -378.18110  2307.84722
  -383.08576  2228.43652
  -375.36047  2358.12257
  -367.41981  2478.01347
  -356.23240  2615.57425
  -342.69509  2791.74233
  -333.26258  2940.09827
  -336.94077  2866.16333
  -342.24711  2797.34037
  -338.00527  2861.41113
  -340.25133  2868.50432
  -340.91322  2865.45336
  -346.97578  2782.24513
  -348.28794  2749.71697
  -352.61245  2672.26710
  -355.68905  2634.86809
  -354.44236  2661.86268
  -354.49449  2638.38593
  -359.93074  2559.37095
  -366.34428  2460.07266
  -370.53250  2380.70503
  -373.35878  2370.98172
  -377.19736  2297.49322
  -378.92721  2260.36475
  -373.04157  2339.25061
  -365.39497  2446.73760
  -369.57593  2373.20437
  -369.42423  2386.69116
  -373.28430  2323.29717
  -366.31491  2432.13894
  -363.81078  2466.76638
  -357.93565  2554.43093
  -350.32898  2640.86493
  -342.06256  2779.20524
  -343.11851  2760.03101
  -357.43839  2563.42415
  -351.53496  2629.31273
  -348.52060  2688.34802
  -354.51903  2582.21448
  -353.35963  2588.31286
  -362.79269  2443.46810
  -365.72266  2395.30542
  -364.21840  2378.64277
  -363.52830  2408.27319
  -357.75642  2523.44765
  -362.32329  2449.59091
  -359.27914  2505.86802
  -354.84173  2546.86889
  -344.89309  2680.00071
  -349.69560  2614.10175
  -352.05907  2576.67918
  -364.90927  2398.08646
  -370.60985  2316.07113
  -360.27813  2482.66862
  -359.84266  2490.11332
  -358.09613  2529.99032
  -375.03894  2279.22877
  -364.25087  2464.76158
  -354.06336  2615.87260
  -365.22264  2418.09119
  -377.24904  2250.28490
  -386.30269  2109.12388
  -379.59002  2210.97326
  -378.51544  2237.34971
  -372.24959  2340.00794
  -374.42988  2307.30409
  -379.39796  2269.53886
  -384.60624  2187.41955
  -374.56337  2344.26703
  -382.75328  2239.71793
  -387.13504  2169.44786
  -385.29269  2192.87143
  -382.78405  2247.81576
  -390.40221  2125.20310
  -391.39697  2133.91743
  -390.84157  2156.55992
  -389.07610  2184.40656
  -391.05433  2164.09929
  -388.34522  2230.82338
  -389.06109  2213.15489
  -380.29472  2339.91669
  -385.18711  2252.48093
  -382.70838  2284.62589
  -389.68407  2140.35217
  -391.66262  2125.26890
  -389.92289  2152.91202
  -384.56573  2202.97499
  -385.71856  2186.44211
  -390.77920  2105.48051
  -375.77529  2316.26078
  -373.16535  2361.22165
  -365.73307  2497.09859
  -366.56854  2482.63391
  -360.64381  2582.33960
  -373.30523  2390.13113
  -368.05043  2455.48417
  -370.54358  2375.80850
  -376.45959  2283.47123
  -376.33207  2288.35067
  -387.31011  2104.30593
  -389.76571  2052.14824
  -397.34628  1904.58750
  -406.01187  1729.18103
  -401.07021  1823.36887
  -398.66514  1861.09716
  -398.67866  1830.86295
  -395.89579  1838.97329
  -389.44310  1924.76518
  -388.41259  1922.82362
  -393.03601  1839.08258
  -394.99135  1830.74667
  -409.11821  1612.91015
  -409.28541  1592.47231
  -403.86661  1682.60567
  -401.47598  1771.08084
  -389.75533  1923.29821
  -400.31317  1761.11198
  -407.42502  1663.93129
  -407.18726  1671.00843
  -415.96496  1523.32806
  -411.79620  1580.21591
  -425.17725  1366.39208
  -406.26166  1649.46197
  -401.78055  1689.15197
  -407.80813  1572.98560
  -396.24260  1755.18021
  -401.58362  1659.25575
  -413.11334  1529.93428
  -408.00901  1605.79077
  -412.63198  1507.38767
  -411.42821  1519.18160
  -399.38551  1724.85490
  -397.99507  1750.19359
  -414.41118  1496.89275
  -423.73800  1343.39797
  -424.93187  1333.11354
  -431.71899  1191.35017
  -418.49491  1390.40526
  -414.14252  1428.54980
  -425.40202  1230.82453
  -424.79825  1229.15652
  -423.67172  1265.50346
  -428.96685  1146.35009
  -423.21414  1239.09224
  -416.04842  1343.45628
  -408.00663  1448.96499
  -403.74021  1516.04798
  -418.05037  1266.57784
  -413.68542  1359.33754
  -405.41101  1466.21605
  -402.36886  1503.91927
  -398.66885  1565.04945
  -403.81029  1533.12834
  -388.82981  1712.09050
  -387.69940  1706.81519
  -377.08602  1864.76164
  -388.01788  1648.09806
  -401.54675  1445.00093
  -410.11671  1335.02973
  -415.35842  1250.30089
  -422.59482  1108.82391
  -426.46246  1034.45944
  -429.07073   964.78606
  -430.83246   965.66657
  -419.51002  1148.61163
  -410.58601  1285.76741
  -407.26030  1335.65071
  -406.51438  1347.56344
  -418.11445  1169.92464
  -422.18290  1112.48256
  -418.35273  1127.72781
  -400.95849  1367.18414
  -396.13755  1442.06601
  -394.22101  1445.13371
  -398.54219  1388.28221
  -392.03541  1460.33225
  -393.22475  1444.55859
  -390.55935  1512.12888
  -379.87100  1685.68757
  -380.62108  1642.95201
  -404.51245  1266.91844
  -410.48098  1185.33015
  -411.84621  1139.30875
  -411.41999  1196.56437
  -400.33280  1372.89237
  -412.08153  1146.73823
  -414.25227  1112.27864
  -411.98591  1132.19911
  -408.52128  1144.96109
  -415.07253  1029.82392
  -432.12769   752.38108
  -432.96324   710.37573
  -441.60973   589.69205
  -448.12842   484.14569
  -441.80214   589.20837
  -435.49311   690.05184
  -437.72762   659.42785
  -437.69908   659.81944
  -439.95834   607.79751
  -432.01318   696.18293
  -430.28971   726.98181
  -420.43641   868.20262
  -419.28009   910.71660
  -435.67552   616.08557
  -433.93754   598.59117
  -431.61303   636.82889
  -429.86055   667.73802
  -440.15844   527.43969
  -432.96426   611.48140
  -431.52103   604.27395
  -430.63937   596.30653
  -440.91240   454.45911
  -440.58724   481.01589
  -430.75338   603.60822
  -424.22906   706.36375
  -421.55252   762.28367
  -426.93712   691.30778
  -420.34066   782.89065
  -418.04626   795.87396
  -413.09201   863.41361
  -424.51683   732.29827
  -432.35547   620.85727
  -420.55658   843.50659
  -414.87295   905.51672
  -403.77212  1069.64414
  -409.76919   960.55136
  -412.06794   927.75259
  -407.85829   986.00101
  -398.10560  1098.59903
  -391.14745  1233.22749
  -384.13123  1343.34157
  -388.39044  1294.76478
  -399.15098  1104.70254
  -392.61555  1187.52955
  -394.46068  1122.91055
  -397.57276  1074.58915
  -387.99030  1224.70997
  -399.53258  1054.14927
  -411.10790   874.05738
  -416.19080   811.31035
  -398.99197  1063.01117
  -399.96195  1047.97311
  -398.88399  1077.17995
  -405.49324   944.47747
  -403.92541   955.74586
  -396.48001  1099.45532
  -394.25379  1112.47353
  -403.46659   927.09021
  -407.14485   913.01123
  -392.91019  1093.50597
  -395.70405  1096.90676
  -388.02622  1223.97890
  -381.90027  1349.79666
  -400.18120  1073.96031
  -407.48672   959.10219
  -400.92130  1065.62054
  -406.34825   981.45333
  -419.78207   783.22341
  -422.88151   747.23442
  -428.15570   628.22853
  -431.63724   558.74422
  -431.09662   601.00858
  -421.25297   735.23217
  -425.07917   639.92085
  -430.68583   556.74416
  -431.24796   526.89867
  -433.01624   506.79102
  -435.47958   458.64405
  -440.83720   377.47459
  -425.35953   630.32725
  -422.23869   711.70976
  -423.45568   709.16978
  -435.11106   543.50632
  -427.45293   657.09505
  -421.19797   770.99911
  -423.63751   704.01173
  -434.28663   502.75899
  -435.16738   460.74205
  -427.52400   559.08118
  -429.98860   528.04938
  -428.10807   583.81586
  -425.86266   642.81693
  -442.83971   398.42076
  -440.58134   442.18971
  -423.91036   722.19424
  -430.58021   621.72382
  -427.32986   670.36154
  -421.86976   790.57532
  -411.15122   992.19062
  -411.76358   995.01316
  -418.97025   870.99270
  -408.71332  1039.96586
  -409.43004  1005.92588
  -414.05343   940.96955
  -419.55466   854.48345
  -408.30960  1022.99907
  -415.65567   936.36824
  -415.58837   935.77346
  -416.29994   909.76151
