3564.14079
3412.88828
2692.02844
2324.07278
2366.61424
3900.87799
2095.65870
3372.65831
2916.75924
3427.48424
2399.18524
2702.30122
4912.95938
2169.83780
3508.26847
2184.20184
1923.18298
3131.72148
4245.72425
1298.18766
2926.36283
3468.72684
3938.17330
3860.85852
4475.61156
3108.57310
1705.85397
4455.72997
1521.08598
7186.37408
5465.44021
5039.09110
3846.61379
2943.36311
1990.04548
3219.36453
1907.07488
4034.32571
2051.28777
2945.21017
2018.17504
3630.85576
2676.30093
5667.39172
3400.38314
3713.91726
2755.55522
4252.69712
2648.90534
7033.77681
2515.90094
4235.23783
3077.11577
7928.45748
2411.65407
6611.18941
2908.33150
4990.99338
2641.72331
5604.72486
3502.49398
7013.92913
3481.55700
6596.98418
3503.18092
5987.97361
4197.99856
5875.69959
5014.49759
7325.79218
4826.09033
7923.39362
4857.33928
8599.10825
5655.22047
8227.24377
5726.84916
9197.41712
5291.68373
8750.49629
5708.63304
9078.37521
6217.74027
9184.58335
5977.47931
10636.07474
5730.13957
11126.81575
6186.34874
10694.23701
6020.26346
10504.62988
6553.34360
11093.99734
6944.36865
10773.17186
6891.06864
11671.69065
6765.71948
10273.56645
8566.47647
9801.96100
7408.59124
12192.98837
9743.75110
11951.93303
9151.68568
8162.85812
9842.36515
10620.36775
9343.17340
10324.73042
10699.32065
10305.79211
9377.40321
11684.00121
9474.95830
11252.29111
10677.12643
10959.71134
11133.30619
13214.21233
11715.23516
12548.07863
11924.79751
13999.07672
13868.16275
14875.04839
14174.43049
14497.80893
14593.80671
14559.07628
17045.95178
16880.80635
17127.02822
18785.49768
17127.57159
19185.78453
17751.57893
18307.00402
19349.57496
19236.68297
18981.73008
19287.49731
22156.84094
22522.03621
22199.37910
22889.81301
24410.62567
24269.97658
26461.20877
29191.73211
25156.25605
27593.74707
26477.91523
29505.81883
29587.82161
32321.38740
29535.19967
30904.46808
32940.68743
32348.30897
35450.47692
33240.85509
38334.91741
40794.62450
36247.62437
36015.06716
36848.34746
38386.25947
41215.55544
42848.67515
38583.72360
42053.36445
44082.20903
43069.82339
43692.74897
44872.81104
45994.15502
46260.21631
46497.26291
49224.69017
58490.77263
60651.58388
49991.29643
53144.28944
52930.43605
54338.81439
54750.10452
57762.25982
56889.35394
59040.14654
62089.86507
63152.86898
61277.35475
65433.73458
63844.36705
67102.70121
70871.73872
73207.59958
69370.71967
72574.70982
75544.61776
77397.54339
76104.86519
77683.11091
80622.53908
80392.09410
86689.08991
87999.87123
88129.00425
85971.99649
88976.80792
95758.18095
96757.04507
96988.85650
92217.39869
94959.29036
96672.23311
100349.79564
107077.15762
107026.09214
103174.91790
107165.56203
115333.44596
116568.38794
115799.01988
118053.99003
117097.75941
119135.92612
121493.44577
123606.68618
125834.63501
127472.00916
127387.92730
129937.05838
130502.04068
134673.90512
134670.81982
138222.49729
142315.61605
143282.84184
152256.28152
155504.39817
150609.96745
152184.16084
154462.84682
157278.30521
159204.44464
163870.04197
164688.50596
168029.27672
182051.99515
186938.26639
192548.55090
193370.61779
198542.54860
198480.21604
188300.74258
192700.42483
203484.72739
203614.66738
200959.87437
211498.69135
200557.33787
203398.40752
211365.00235
224652.42925
215398.04179
219612.82668
221480.39594
242035.69413
229557.75333
247946.36406
231813.95179
236702.77049
244386.92152
259741.24383
271228.63264
277761.12165
259126.31146
261239.04430
281260.57305
273388.46337
266885.96488
274120.12630
288538.76853
292817.08573
266882.08195
268183.60085
318150.41387
322576.10122
294911.49142
299331.43487
321259.14509
339216.94850
313320.46584
322411.93397
324235.00055
327859.77601
328284.38269
330811.49607
369054.76621
372540.62389
350160.02788
352784.16823
434905.70877
441052.26745
399250.89193
399011.77721
393385.38155
398371.20361
421212.82611
418725.50785
402714.94023
409923.15292
408001.10784
430663.56352
428097.11351
437900.77376
455063.85172
432649.20564
460592.61388
449568.60037
470583.59782
477583.99227
457853.68667
464589.69861
501850.56001
508353.55323
476946.45077
483887.93287
563109.55665
559703.20418
578522.23949
585066.32048
598531.43339
575759.03180
570165.34205
560470.87279
571172.64233
576931.20813
585780.73669
599787.29344
590591.82188
599438.70638
638732.03897
653800.48093
631671.17192
637101.34952
642923.89572
646256.85896
653365.55567
660043.33668
658527.74410
667284.42819
685320.11227
701341.24525
637060.42409
643590.45554
710064.68236
726844.76680
