4.05861
46.54462
1.36890
172.24795
10.82359
58.23310
-6.67630
46.42501
-5.08495
88.55206
85.25908
25.65686
22.59688
467.06127
39.04250
159.75990
18.04423
263.10298
81.68932
182.83257
125.82509
255.96562
81.94652
243.71786
152.64750
183.11052
165.95445
235.31964
216.56550
291.23593
157.77459
322.27462
223.93873
189.09286
237.64357
285.69957
317.76449
317.29071
357.94558
241.42291
420.46317
293.62175
576.51696
565.59855
616.69887
596.41126
655.43140
751.35368
729.35098
967.09249
806.99597
893.84805
1084.86852
1098.17723
1072.35092
1040.41601
1102.08381
1331.98695
1464.28226
1365.29079
1275.13102
1812.53477
1640.05116
1806.60491
1838.24375
1857.65308
2086.28745
1716.27213
2066.61477
2138.28654
2412.40640
3241.19081
3004.51340
3126.43361
3232.99225
3659.89900
3101.03142
3276.16335
3600.19296
3782.18530
3463.60235
3662.74000
4306.55141
4614.99696
4054.41684
4466.77104
5303.27084
6542.24471
5321.78763
4716.21876
5767.91362
4890.40644
6698.42871
7648.15234
6937.94119
6609.82448
8329.23214
9783.85101
8740.26496
10459.45166
9193.46556
11009.55396
10097.07958
11079.01614
10783.80048
12250.75314
11013.55574
14502.88580
11821.15946
12033.75576
12714.63078
14786.91832
12817.27462
15646.89213
13955.86830
16130.07322
14991.89565
18297.11741
15481.29817
19731.34094
16655.74363
20531.90465
17215.53534
20613.35383
18454.74069
20738.97117
19086.50354
25905.08229
21024.30902
29551.54941
22151.66224
33062.21412
23573.14880
29016.49663
24764.79551
30986.21051
24826.33642
31366.24553
26357.28172
34564.50569
27719.70774
34235.70201
29330.76973
33011.72707
30681.23752
44573.54724
31983.74773
42729.76360
33001.35330
47731.58649
35649.86546
51101.70733
37417.24668
47773.32536
39167.45767
50220.37367
41173.12806
53085.26610
42912.50310
53324.14613
44618.00360
55465.13126
46818.23038
62198.73270
48684.65543
62793.63353
49856.87100
71537.86019
51583.05661
71032.69626
55045.64163
76466.74999
57190.68127
79816.95695
59957.11647
84136.66667
62365.11008
84099.76286
65374.32626
87322.72615
67529.82649
90401.57269
