-0.00294
-0.00728
-0.00356
-0.01719
-0.00465
-0.05080
-0.00546
-0.03729
-0.00633
-0.01445
-0.00726
-0.03856
-0.00826
-0.17328
-0.00933
-0.01040
-0.01046
-0.18553
-0.01165
-0.04238
-0.01290
-0.58071
-0.01422
-0.89523
-0.01563
-0.02577
-0.01708
-0.17932
-0.01860
-0.41802
-0.02018
-0.03059
-0.02182
-0.01193
-0.02353
-0.17854
-0.02530
-0.50877
-0.02711
-0.05725
-0.02900
-0.05511
-0.03096
-1.32025
-0.03299
-0.82900
-0.03508
-0.70254
-0.03723
-1.50419
-0.03945
-0.30110
-0.04170
-0.21098
-0.04404
-1.04403
-0.04647
30.77564
-0.04889
-2.53952
-0.05142
-0.08103
-0.05588
-0.20162
-0.05848
-0.19546
-0.06133
-1.84908
-0.06420
-1.58349
-0.06714
-0.04803
-0.07015
-0.47339
-0.07322
-1.18820
-0.08030
-0.49113
-0.08366
-0.10098
-0.08709
-0.32799
-0.09064
-0.07589
-0.09425
-2.06468
-0.09789
-2.02964
-0.10159
-0.18921
-0.10536
-1.75041
-0.10921
-0.32255
-0.14457
-0.26863
-0.14965
-1.48063
-0.15449
-2.24538
-0.15970
-0.30163
-0.16496
-2.14677
-0.17034
-3.08188
-0.17583
-0.46608
-0.18137
-0.13895
-0.18700
-1.93563
-0.30522
-3.99587
-0.31427
-3.24022
-0.32341
-0.05947
-0.33261
-1.61094
-0.34198
-0.28064
-0.35145
-0.91166
-0.36103
-1.05002
-0.37055
-2.40572
-0.38031
-1.25492
-0.38453
-0.21102
-0.39440
-2.32596
-0.40414
-0.76096
-0.41436
-2.95382
-0.42420
-0.28539
-0.43448
-4.41020
-0.44485
-0.56640
-0.45529
-4.08196
-0.46587
-0.66656
-0.47657
-0.29248
-0.48735
-1.71460
-0.49823
-1.64815
-0.50922
-0.57785
-0.52030
-1.81316
-0.53168
-2.32730
-0.54293
-3.08952
-0.55430
-2.03388
-0.56497
-0.32332
-0.58695
-0.84783
-0.58631
-0.72690
-0.59787
-0.69168
-0.58248
-2.15266
-0.59388
0.66066
-0.60537
-2.17716
-0.61679
-1.93431
-0.62824
-0.66384
