0.05597
13308.73681
0.06424
776.48967
0.04286
************
0.04885
************
0.05085
9193.71063
0.05367
************
0.06054
24938.46451
0.05628
10136.78362
0.04528
239.37189
0.04395
969.96895
0.03185
496.22721
0.03679
4048.37320
0.02726
3204.41807
0.03037
996.41423
0.03359
67274.17883
0.01387
328705.87227
0.02267
3537.18542
0.03002
14676.57400
0.00717
613.69338
0.00790
970.95962
0.00282
2207.57168
-0.00434
567089.97729
-0.01521
184.40680
-0.01657
53.12880
-0.01814
55.02665
-0.02234
880.95088
-0.03568
250.09772
-0.03544
33.63521
-0.03591
73.94033
-0.04341
122.71292
-0.04254
101.21784
-0.03754
60.23864
-0.04551
56.12431
-0.05354
175.20817
-0.04760
62.71993
-0.05580
9.32164
-0.05578
17.28252
-0.06286
53.26884
-0.06781
15.24593
-0.06982
26.77855
-0.06765
8.93913
-0.07288
6.73294
-0.08004
33.87085
-0.08255
7.54829
-0.09249
11.23478
-0.08581
6.70266
-0.08280
5.96164
-0.08446
6.98181
-0.09610
9.95959
-0.09988
5.40028
-0.09591
3.50025
-0.09933
5.90292
-0.09324
5.41180
-0.10460
2.86988
-0.10472
4.83609
-0.09811
3.07223
-0.10272
1.84176
-0.10801
2.21559
-0.11029
2.32066
-0.10831
1.86577
-0.11407
2.24576
-0.11400
2.25093
-0.10977
2.04547
-0.11100
1.75856
-0.10160
1.72244
-0.10787
1.77966
-0.10028
1.61941
-0.09979
1.42730
-0.10194
1.63840
-0.09099
1.25189
-0.09539
1.43323
-0.08641
1.35382
-0.08339
2.06917
-0.07902
1.33249
-0.08600
1.17681
-0.07966
1.24699
-0.07718
1.04257
-0.06903
1.01696
-0.06337
1.22357
-0.06812
0.97401
-0.04909
0.90466
-0.05806
0.92688
-0.05395
1.05763
-0.04105
0.87657
-0.02570
0.96522
-0.03658
0.88968
-0.02614
0.85176
-0.02644
0.85263
-0.02042
0.96928
-0.01296
0.69172
-0.00590
0.84804
