3.44103
-21.07894
-0.04440
-12.48355
-6.87271
-15.90045
-8.30132
83.43083
-9.47219
185.40131
-9.55390
49.60452
-3.78058
138.23328
-3.09938
38.30776
13.24860
9.25402
-15.85958
5.67953
-6.31691
-8.53740
15.04886
34.47103
-4.87177
8.97266
5.06174
-10.44657
-18.23086
-2.80206
-7.73155
22.87771
0.69855
58.01281
8.23058
7.40985
32.31083
65.18305
10.39443
45.86348
4.93950
139.35016
36.85435
90.94925
16.10177
67.34756
30.02752
54.87893
6.00460
31.32048
4.99662
4.98110
21.39165
132.29276
36.31098
114.34521
30.17503
25.86157
97.47293
42.08313
72.67933
145.12751
82.15685
40.38049
95.68611
5.44478
83.67238
178.24763
90.49286
149.53722
52.20108
141.88522
75.91201
74.94833
121.11566
123.43476
114.10395
91.21313
151.62479
129.59829
164.78935
172.35961
159.22948
198.26405
193.66471
205.28076
254.40899
389.61069
175.09941
298.43650
341.75608
260.61555
323.21116
482.99290
375.22409
377.92894
398.90267
469.21479
357.35400
365.58001
470.10344
582.88329
510.27833
430.19230
518.24543
617.12269
509.12294
696.69177
606.92649
746.39217
623.89828
884.91855
581.06579
659.16641
748.70251
745.33645
716.52287
780.16206
948.63509
721.36240
1000.94931
913.59564
1068.20012
1315.42440
856.09365
1024.36301
1001.89520
1017.68866
1316.17272
1240.61430
1084.59882
1552.41011
1138.52165
1303.50924
1341.92769
1236.28738
1285.05023
1617.09313
1893.72350
2164.23574
2181.05345
2219.89850
2030.99679
2260.12261
1967.01863
1831.34512
1929.68123
1847.08867
2110.71300
1885.75080
2043.17932
1668.69347
2473.47955
2599.11555
2535.87882
2092.73249
2633.51674
3026.45769
2422.98897
3048.62020
2961.70779
3321.76679
3136.01027
3621.57158
3310.40151
3848.69055
3181.25781
3643.49088
3606.05747
3448.14672
3400.28659
3137.10159
3830.65939
4194.11305
3536.47401
3838.03678
4207.14591
4364.39275
4412.02530
4011.41577
4879.89015
5487.51127
