551.72243
3840.45051
1191.78246
658.29411
1208.68336
244.64487
381.31485
1047.87055
776.38380
1188.58507
125.57692
656.26130
693.07982
208.79608
75.74404
2062.95952
711.57300
7158.84002
961.16858
632.00374
-9.32081
425.23406
939.27397
133.07995
94.54260
473.56986
597.98114
1391.45931
1760.97611
184.16650
662.47353
497.23783
339.92144
517.00452
419.77511
-121.51671
586.14089
575.19404
715.52639
1076.21852
620.27606
930.06829
125.28978
520.31736
1608.00407
997.28525
185.66517
228.46728
324.87019
22809.48421
1067.90525
-130.02274
874.88448
1290.69225
1014.03619
1122.08315
1622.33200
951.78845
1078.32486
1126.00062
609.80213
636.46751
401.13521
1098.99610
1331.20549
997.04667
344.23797
216.03276
1099.02844
951.41746
836.70083
641.76832
-43.27140
1243.76281
604.75434
431.06243
1108.83561
394.46906
203.66767
1551.57959
248.66567
495.74062
786.02777
788.37262
896.38675
1474.32051
470.27188
50.28493
1748.29688
628.28361
353.89096
1240.19113
612.80081
381.05610
333.56487
-165.59390
1143.40080
1072.77893
975.59135
75.15143
410.30267
2053.15072
-73.45730
1058.56382
118.12233
60.86959
537.69917
931.50806
409.17157
754.31369
480.71574
1026.25051
260.59104
460.86302
412.55091
473.03797
561.67813
12093.23423
222.39903
266.14370
563.93889
1645.78055
258.78862
1391.32348
2.87677
655.88941
50.04665
251.79675
370.77042
1688.84217
-126.71347
553.27893
161.84642
2911.24787
409.16667
881.15589
155.98854
536.54838
528.07085
1743.91284
-36.17548
1365.19610
103.17336
433.03682
736.14785
711.36510
-290.76117
812.24485
935.47339
1076.80768
84.51637
1688.63025
359.17306
989.94750
150.24704
932.57519
-41.66108
1816.32550
105.03590
971.06589
422.12262
3903.49615
179.56106
288.94731
728.25656
1350.15668
12.95689
818.93896
-12.73955
778.72233
266.16473
1018.92296
271.62426
1537.64018
-29.78059
828.85589
364.13700
770.21090
306.87080
1160.46104
272.59650
1061.51557
141.72379
1925.38980
348.35448
1240.71537
537.44501
1374.74064
472.02247
1207.09566
234.87062
1286.67634
141.86937
1039.33871
422.30918
1016.27779
398.26016
1276.19482
331.01251
205.18289
266.08608
1369.99377
890.03776
1508.46528
386.71901
1175.11318
572.46418
1187.98207
389.26657
848.21007
464.50696
1722.85570
552.11498
2180.60251
627.63796
1920.90364
537.88658
1696.99227
505.50178
2268.58515
516.40434
2080.10478
1227.60568
2515.71221
179.37596
1179.15606
639.90820
1105.74419
788.09339
2221.25820
945.77343
1915.73583
842.92282
1967.77521
1062.13849
2820.89509
733.41427
2368.41532
1376.67990
2265.19264
1238.31593
2777.96442
1367.85297
2010.57266
1105.15775
1555.35768
1027.70690
2288.92897
1533.39771
2168.48854
1071.30712
2755.34626
1182.41136
2562.84510
1403.87668
2565.93889
1527.00007
1934.60098
1153.80753
3165.24176
1504.29425
2980.01623
1199.16148
2064.67062
1394.45490
2574.36518
1439.26119
2430.35896
1474.73324
2956.20533
1866.70341
2228.56202
1700.95000
3702.77201
1372.78266
2248.93999
1598.09621
3074.44116
1650.70792
2466.13864
1726.65481
3673.82749
1964.27441
2594.73776
2149.98543
3923.51307
1716.55224
3411.37035
1981.84776
3141.36522
1945.53532
3548.58298
2085.64139
3646.62758
2263.95656
3354.80380
2334.53622
2571.13035
2030.06071
3477.53341
2136.97761
3329.03431
2349.92175
1703.21145
2542.89548
2678.14092
2852.78473
2948.40626
2089.27728
2773.29853
2269.03968
2532.87793
2591.57479
2225.14474
2157.41405
2700.82598
2259.51717
2342.46818
2640.82225
2780.74553
2501.91123
2722.53987
2673.34296
2931.43014
2635.13369
2607.55605
2510.68431
3069.41118
2825.04077
3440.87355
3189.00543
3404.97388
3720.04629
4462.91419
3365.84176
3298.64261
3461.57170
3722.83544
3607.06777
4559.70303
3613.10697
3814.78564
3453.25271
3990.90306
3922.87368
4362.29903
3908.70981
5073.32540
4221.42159
5137.21388
4945.46506
4549.03091
4696.72861
5367.20459
4526.07765
5724.69624
4823.95505
5452.34271
4588.92853
4368.84606
4938.79335
4918.58489
