-10.86078
51.03986
-1.59381
-16.98460
-0.50611
26.52243
-5.04142
47.40343
-9.55274
281.80246
-8.11820
225.13597
15.40888
-17.15803
18.74475
53.64163
70.65939
80.16209
65.57499
119.42035
102.06623
80.62243
66.80670
150.19302
14.22389
18.24963
56.35101
195.33629
67.06940
142.01421
34.17158
-0.85942
84.51139
65.58997
91.49578
285.57827
103.45355
229.30840
153.34145
257.07372
77.77613
201.62309
147.42877
104.11257
142.01434
83.59883
204.42277
213.34405
341.69677
157.90774
332.76954
366.83893
292.45287
421.42972
444.27018
520.57222
450.49436
588.81891
421.41288
506.77407
512.30736
638.72042
511.36118
557.91572
719.57310
858.13434
721.12309
712.41600
861.21438
1021.29464
961.05079
788.96824
1047.58548
855.17698
1203.58171
1027.42829
1037.55224
1028.57837
1261.43420
1161.79399
1553.63768
1280.46039
1649.74291
1937.04680
2007.46259
2020.41685
1513.13292
1854.79803
1911.06908
2166.11478
2159.11916
1992.37226
2463.21730
2512.65726
3082.47601
3196.29535
2808.18828
3191.20808
3098.49368
3058.27476
3039.00038
2846.20582
3621.08150
3564.41350
3461.51802
3616.75707
3824.40475
3483.48807
4418.84671
5080.80121
4075.69060
3351.77405
4472.64206
3711.19936
4928.55315
4647.18889
4951.66847
5106.77114
6398.77629
6993.08785
6738.42543
8047.69442
6893.16592
6941.82369
7623.20235
8749.75971
8098.06377
8722.38307
8680.31954
9709.37060
8918.21404
10832.27040
9178.51421
11095.33112
9167.35919
10278.90185
9951.51199
12247.43662
10765.75144
13641.23962
10869.89403
13479.44095
11825.00353
14242.78281
12042.05970
15311.72670
12445.57694
15427.58727
13576.35590
16813.11119
13928.87328
17032.21023
14536.01016
18356.42761
15365.21964
18582.05997
15766.94972
20250.82430
17118.76479
23929.90037
18297.53055
23253.00694
18923.51410
24652.52079
19501.56808
25638.86198
20431.31420
25803.85356
20630.81260
22617.16346
20970.76579
27264.48184
22315.81212
30327.91810
23470.47529
27094.81741
24479.56994
27316.90343
24676.07314
35655.64789
26228.64422
33011.98604
