-2.18483
-2.89330
-2.67698
-2.57285
-2.04710
-6.34916
-1.52402
23.79523
2.01594
-5.48918
-1.59708
1.07881
-2.33806
8.12845
-3.29131
-7.49106
-1.64528
21.57265
-1.97942
-0.78612
0.46488
-13.84950
-2.49256
-9.52150
-1.85292
8.78192
-2.49496
10.53204
-3.04974
19.81676
-2.02549
-6.01320
-2.10768
-4.18798
-2.72196
-3.12112
-4.67466
-10.12273
-4.60475
-3.31999
-3.87898
590.90805
-4.35652
-12.78049
-5.39810
-8.66186
-5.74264
-1.88311
-4.58233
-12.50343
-4.72328
9.19628
-6.41925
-20.14984
-6.04924
78.19806
-6.55825
-5.89168
-6.00486
-4.35498
-7.34677
45.01733
-8.87255
57.75242
-8.00962
-6.54374
-6.56288
0.14541
-7.42411
-14.10752
-5.89042
0.33792
-9.42695
14.17796
-9.52908
-2.83901
-0.58816
-16.23597
0.91229
-22.77877
-9.50492
13.68832
5.80860
38.75634
-10.09170
-8.27865
-1.30797
8.83394
-13.98783
6.19941
-6.53986
13.61681
-15.24403
-2.17885
-12.99866
26.63625
-15.72898
-23.04716
-8.85871
5.50637
-17.19975
11.40001
-16.17871
-14.52775
-16.97040
-28.64211
-17.51366
-15.65305
-8.95319
13.71573
-9.16072
-21.71085
-13.01553
-4.06478
-4.42306
3.21394
-11.84131
-27.20266
8.01150
-6.45099
-13.58013
-12.93756
-1.89683
-8.84751
-13.13905
2.73924
-12.09637
-11.93470
-11.58645
-3.67938
-3.85869
-7.69243
-18.67163
16.80947
-15.36555
-18.82826
-11.11364
0.45444
-7.06077
8.69881
-3.32997
-12.04855
-13.21002
-15.45037
-15.93088
3.50576
-12.28230
40.02491
-5.55573
8.20534
-10.31831
-11.88514
-18.04306
8.35781
-21.93679
39.00000
-8.13420
0.34505
-1.17681
54.94873
-9.38883
-16.26400
-8.06576
-11.52889
-0.68043
23.56889
-1.56511
-19.18994
-10.36663
18.75873
-15.26121
-14.92180
-2.21194
-20.93687
-5.91720
22.10361
2.05510
4.94572
-1.05217
7.28814
-10.45941
49.32654
