59.62287
0.54816
1.14291
322.38059
5171.43705
0.11480
130.77275
1812.83905
0.49361
0.44600
323.62635
363.28472
15034.93682
451.15780
1.33860
35.82598
6.04705
414.08047
1170.02967
472899.32064
497.96640
100.11993
275120.87368
145.83020
8.63237
150256.47646
158.68604
332423.01150
1467.71946
53.62985
496.90722
1861.81108
41.33236
144.01259
15922.66894
623.91153
73538.76669
24.61104
689.79996
14.70741
333.15361
22.57812
230.13824
14806.93414
9.18437
93.50937
4.34086
13654.23033
163.04159
349.39928
21.96212
20249.92621
694.55263
214.72291
335.21026
994.09504
2128.76466
58225.49029
113.23586
484075.89431
201.39364
47875.88281
24.75544
5717.37928
63.43097
199781.44179
454.39869
701210.53417
11900.58864
35227.77115
10252.65910
75.86923
23.59685
4594.28353
3479.25226
55322.07470
9330.52177
1801.54840
69.98473
61.17677
478.53002
