-0.18327
1.25380
0.96329
-11.43193
-2.05029
-10.04756
-0.33543
24.05683
-1.26276
-12.17264
-1.20399
-9.99441
-3.10616
27.25403
-3.67980
35.00625
-2.70112
3.74422
-3.42030
-15.64188
-3.37656
108.65349
-6.92273
-6.97233
-5.78652
-2.79692
-5.38403
-16.37547
-5.03993
-15.44503
-5.96535
-5.78259
-5.32772
1.97679
-6.77727
10.82851
-8.71199
-4.76097
-9.35546
-0.82843
-8.22364
-15.23258
-10.32509
83.90080
-13.80070
6.93134
-13.85264
31.62848
-8.27806
-29.50815
-14.56881
-0.71151
-17.94333
160.93191
-7.88114
0.53392
-8.12425
-9.62754
-6.52046
80.49436
-18.15252
-11.28394
-4.17260
4.63451
-8.42979
-11.87430
-16.06628
-10.27307
6.94074
26.04304
-9.54045
48.29311
-3.06872
14.07676
8.02018
87.83154
12.89435
5.61905
5.93224
147.24388
-11.36142
-9.28374
20.70465
6.42981
4.79219
-3.30090
3.30948
66.59405
4.39573
6.46536
32.59128
37.73750
17.71083
44.26086
13.57343
40.00322
26.08584
19.55751
53.26108
1.88277
7.39854
19.70288
19.52360
13.98044
29.67026
40.64894
56.75603
101.78553
54.01047
75.18137
44.71411
90.70586
44.20675
63.71289
44.36438
54.04561
47.93986
32.47025
28.28330
71.69556
33.20492
45.78120
41.01432
51.95575
74.32043
31.30288
46.76856
43.37842
72.09950
71.21765
95.35224
159.51204
72.08711
157.31425
143.97567
111.17474
130.40004
181.21549
109.78927
132.25780
152.04485
90.03143
146.03712
215.24447
136.89600
128.34863
181.91782
175.78542
179.14838
171.52111
200.27281
270.74510
156.22151
193.58007
246.94529
266.33791
205.09576
246.64527
217.31422
264.04375
233.69683
325.22771
244.36533
313.68623
317.04379
176.97389
293.72267
312.09780
348.07003
240.61679
361.25635
402.25493
351.24205
330.38530
409.33909
470.53871
390.90151
340.05934
330.67554
387.09640
381.31043
497.64729
