3489.55559
11658.47828
1309.89659
544388.53231
59553.80657
279.76102
10201.59190
296290.13630
6060.15503
6518.34058
507636.05583
67874.54193
831.88630
12557.58753
703040.06210
235162.28406
7871.09066
58816.11851
1149.72236
109368.32632
1634.16502
1406.04075
43289.66714
2559.57269
1143.94403
1109.90790
626.40430
6491.04357
655.07315
2095.38056
109.26279
3393.95013
81124.50987
113114.25724
654.54955
298.31932
608180.58852
295.24261
3096.60846
622.80652
3884.40391
137.14268
111.00677
27340.26580
1109.07811
314.30486
130.16746
2605.16299
410.72467
351.38850
105.93192
702.61621
2270.73447
229.46918
21.50504
16.50513
41.50507
169.72038
39.87533
30.48208
108.04248
12.60974
165.44277
19238.72166
53.07483
9.82368
24.44813
714.54173
18.43314
22.68240
49.89300
23.07532
8.13448
32.01678
5.98952
204.99571
14.24966
10.45577
12.59569
13.19241
4.83117
