0.03334
************
0.02859
************
0.01394
************
0.02834
************
0.02334
3489.55559
0.02326
11658.47828
0.02632
1309.89659
0.01907
************
0.01720
************
0.01419
544388.53231
0.02267
59553.80657
0.01431
279.76102
0.01823
10201.59190
0.01701
296290.13630
0.01125
6060.15503
0.01241
6518.34058
0.00915
507636.05583
0.00907
67874.54193
0.01419
************
0.01113
831.88630
0.00703
12557.58753
0.00434
************
0.00193
703040.06210
-0.00133
235162.28406
0.00296
7871.09066
-0.00065
58816.11851
0.01033
1149.72236
-0.00290
109368.32632
-0.00994
1634.16502
-0.00303
1406.04075
-0.00710
************
-0.00775
43289.66714
-0.01515
2559.57269
-0.02092
1143.94403
-0.02426
1109.90790
-0.02118
626.40430
-0.02292
6491.04357
-0.02282
655.07315
-0.02574
2095.38056
-0.03000
109.26279
-0.02925
3393.95013
-0.03595
81124.50987
-0.03119
************
-0.03626
113114.25724
-0.02953
654.54955
-0.03665
298.31932
-0.04061
608180.58852
-0.04108
295.24261
-0.04883
3096.60846
-0.04917
622.80652
-0.04572
3884.40391
-0.05276
137.14268
-0.05534
111.00677
-0.05604
27340.26580
-0.05798
1109.07811
-0.05919
314.30486
-0.06658
130.16746
-0.06934
2605.16299
-0.07164
410.72467
-0.06782
351.38850
-0.07012
105.93192
-0.07323
702.61621
-0.07960
2270.73447
-0.07707
229.46918
-0.07960
21.50504
-0.08040
16.50513
-0.08606
41.50507
-0.08733
169.72038
-0.09424
39.87533
-0.09322
30.48208
-0.09489
108.04248
-0.09818
12.60974
-0.09634
165.44277
-0.10305
19238.72166
-0.10463
53.07483
-0.10663
9.82368
-0.10801
24.44813
-0.11223
714.54173
-0.11350
18.43314
-0.11261
22.68240
-0.11575
49.89300
-0.11468
23.07532
-0.12172
8.13448
-0.12255
32.01678
-0.12397
5.98952
-0.12723
204.99571
-0.13334
14.24966
-0.13061
10.45577
-0.13310
12.59569
-0.13574
13.19241
-0.14005
4.83117
