2.44997
26.16040
2.98310
21.41759
3.56658
23.35797
4.34768
27.15581
5.30680
27.94206
6.30179
31.02640
7.58157
35.11511
9.14967
40.60436
10.86519
45.61719
13.21667
52.81185
15.74943
60.07531
18.89298
69.03508
21.24899
77.46875
25.29522
90.73254
29.40800
103.56711
33.79410
116.21988
40.83352
135.32347
48.07074
159.75735
56.75876
186.13117
65.15503
207.38259
76.65812
243.37464
90.05536
282.49613
102.74916
319.61514
117.60056
355.38136
135.24934
401.56279
157.84796
467.47390
174.68216
508.74048
198.62417
567.58020
221.76663
628.89816
262.81381
734.85839
311.37768
859.73116
332.98639
921.23226
363.54741
985.68963
415.73497
1102.82392
449.75311
1176.06294
513.09511
1344.51041
559.82279
1438.78862
602.32802
1531.95267
730.95373
1867.55344
805.30441
1990.42921
820.16974
2044.13370
932.27284
2275.69079
1084.60658
2671.59797
1144.43667
2734.18696
1171.40300
2801.45266
1288.98386
3051.53754
1474.71492
3424.40841
1646.54846
3858.25959
1777.84633
4131.89169
1853.74159
4216.15367
1972.38062
4471.55425
2189.20621
4897.02282
2294.09971
5108.48580
2478.80544
5515.19183
2640.78082
5843.11249
2886.96491
6246.26808
3104.46458
6720.59734
3395.01916
7279.11919
3530.15679
7587.04559
4088.28530
8956.30258
4059.08302
8585.49804
4257.79321
8967.63355
4608.34161
9600.35929
4860.36046
10147.49032
5274.63092
10860.09324
5475.01806
11337.33497
5880.86357
12174.73989
5980.40368
12296.84636
6598.07280
13403.47109
6802.47717
13706.54754
7423.93373
15174.92661
7946.08916
15611.72991
8330.82066
16257.60341
8499.49547
16735.66977
8983.31126
17589.23967
10354.70454
19241.44085
11017.68283
20294.69614
10571.49795
20289.73068
11175.07905
21231.61527
11795.55899
22250.88870
13136.38976
24736.90121
13061.07605
24296.00512
13725.29284
25473.47791
14458.38165
26615.55433
15198.36306
27809.79338
15944.53467
28990.40877
16675.01103
30216.98390
17487.75158
31573.87426
18353.07842
32869.10700
19191.14762
34264.08872
20114.58566
35663.85906
