94.30723
148.82980
168.24109
65.16300
19.63636
15.93111
17.68319
12.53625
11.20033
11.16250
11.83022
10.83181
12.61785
11.35124
12.26624
12.69036
13.31803
13.76466
14.51863
16.06579
17.50361
18.03250
19.30309
20.69477
22.45479
25.42906
27.20811
28.93982
31.72280
32.34845
35.44401
37.70866
41.98569
46.63436
48.42877
53.88393
58.91950
64.41739
69.79366
77.32721
82.61118
93.89346
95.65588
101.72382
113.16344
119.61202
129.00116
138.64655
151.88197
159.77507
174.10315
187.56561
206.04309
219.37893
228.22673
252.13148
272.60470
282.06128
298.89321
317.33567
343.59392
366.09558
385.19579
425.27856
459.92191
466.70492
479.02940
514.97364
557.37044
584.98544
601.55182
634.81101
661.39743
701.90092
763.09073
777.71683
830.08398
906.80610
958.78938
969.62196
1034.57468
1088.50997
1201.99318
1306.91344
1348.19023
1344.20474
1381.24527
1455.25241
1519.53018
1587.96870
1701.27768
