249.24122
205.96725
246.90916
883.11946
582.08761
741.34602
639.50690
523.80601
503.50315
323.72175
717.48927
749.07015
906.07223
786.82786
1020.60699
1283.40518
1484.38143
2057.55645
1703.02040
2371.97264
2417.16374
2143.51457
2707.43742
2336.84375
3630.42043
3183.82134
4515.07104
3970.70122
4605.50388
4617.65289
6228.98322
7112.42838
7870.26801
6443.42217
7398.81913
8393.82212
9636.13889
11862.22810
12272.00324
9466.49295
12908.97869
12285.44997
15480.20380
17459.57406
18012.74701
20468.05043
20087.71538
23163.92036
21325.06444
25096.00088
25361.08977
30414.43332
27394.59303
36590.15077
31433.43501
37668.11434
34831.94223
45583.36857
37905.89535
47512.34809
41285.90899
51800.05663
47596.97192
56618.57452
49402.81241
63873.55476
55511.48885
59734.03519
59101.84858
79034.49560
66647.07128
93733.10460
72668.16743
97287.20085
79134.26459
101974.54531
85572.11330
112711.32754
91304.42971
127052.10037
100327.10268
132996.28763
110084.15698
143531.61799
118855.71819
160799.62938
125809.31278
169843.06417
136077.97252
181657.92633
149093.05666
193159.51765
159964.28374
192141.85875
169886.59342
212228.07767
180140.67979
222075.48527
192193.33856
237842.98832
208782.95561
258016.26678
223168.17503
273685.95607
237184.32965
286476.09599
255710.27660
312731.22095
270183.39356
333435.72856
290526.89861
357009.80985
311001.69778
376115.65530
327653.37758
397763.00365
348965.84262
425348.40535
368945.30686
457347.65974
391900.01902
484940.78445
419672.84744
522564.30187
442855.13799
547513.98262
466388.46736
569261.51821
485944.86180
579360.79375
513545.78133
608857.02910
541006.35721
644991.39299
561268.09559
673714.13016
612469.22013
737726.37567
643139.52476
780521.92454
673961.83362
826758.42401
708565.81859
871318.99701
744142.26870
918854.26519
781690.25245
958437.57367
817549.90922
996435.56881
855614.81433
************
896969.99107
************
942248.72403
************
986549.52888
************
************
************
************
************
************
************
************
************
************
************
************
************
************
************
************
************
************
************
************
************
************
************
************
************
