13308.73681
776.48967
9193.71063
24938.46451
10136.78362
239.37189
969.96895
496.22721
4048.37320
3204.41807
996.41423
67274.17883
328705.87227
3537.18542
14676.57400
613.69338
970.95962
2207.57168
567089.97729
184.40680
53.12880
55.02665
880.95088
250.09772
33.63521
73.94033
122.71292
101.21784
60.23864
56.12431
175.20817
62.71993
9.32164
17.28252
53.26884
15.24593
26.77855
8.93913
6.73294
33.87085
7.54829
11.23478
6.70266
5.96164
6.98181
9.95959
5.40028
3.50025
5.90292
5.41180
2.86988
4.83609
3.07223
1.84176
2.21559
2.32066
1.86577
2.24576
2.25093
2.04547
1.75856
1.72244
1.77966
1.61941
1.42730
1.63840
1.25189
1.43323
1.35382
2.06917
1.33249
1.17681
1.24699
1.04257
1.01696
1.22357
0.97401
0.90466
0.92688
1.05763
0.87657
0.96522
0.88968
0.85176
0.85263
0.96928
0.69172
0.84804
