33.95890
25.89379
21.86001
17.12318
15.96105
15.53988
17.95114
17.70733
19.51054
20.54468
22.20276
24.75292
26.53199
30.27671
32.66711
36.39356
39.72503
42.13964
48.86791
54.68312
59.34169
65.29744
73.02883
82.22637
93.24682
104.58534
118.33921
129.69474
144.67754
162.65390
176.14116
196.27338
224.40762
237.38430
268.10465
293.26852
314.90970
346.32657
378.27720
412.38376
463.69168
502.40651
530.75137
613.23687
637.31172
712.14421
729.32476
781.98082
865.49825
947.17696
1004.80555
1053.01486
1136.54720
1239.37329
1337.52602
1490.98098
1647.67156
1572.85611
1728.58361
1911.08330
2132.01070
2212.61319
2131.17735
2305.40790
2483.38629
2725.27772
2710.12625
2903.14146
3101.83058
3225.02083
3480.39072
3683.88913
3972.27921
4025.28367
4258.14125
4428.87428
4706.76161
4991.83165
5138.37154
5558.19408
5883.87159
6541.68952
6836.29708
6910.22640
6682.23199
7068.29786
7850.81555
7655.21107
8304.67315
8652.97904
8495.77887
