135.44287
55.42572
36.52584
171.35274
112.50008
77.98786
195.16934
167.96406
179.07142
221.16081
137.00654
251.85366
295.07753
412.01009
274.22332
470.55391
315.40424
358.39921
446.86975
426.77843
720.04218
721.31841
769.53245
889.38635
920.32850
1212.11729
1316.00667
1288.80748
1351.66205
1819.01540
1881.01663
1636.10568
1715.12108
2157.70461
2426.31969
2918.90238
3007.09565
2685.07292
3221.75623
3364.87980
3961.26777
4032.46367
4499.59462
3750.95042
5981.04761
5944.46554
5130.77811
4815.63812
5565.93616
6352.78899
6003.02656
6770.95892
8688.71841
10968.57220
8269.74729
9348.90515
9934.11507
11122.76570
11293.83065
11723.74412
11925.42234
13501.18805
14463.58251
16187.30621
15787.83056
18979.24494
16753.15899
21579.28214
19188.85555
21693.42353
19595.86982
24164.29705
21823.12981
27062.40340
23411.97107
28813.31457
25830.46726
30024.64888
28506.20133
35036.12768
30864.31024
40403.21157
32465.08958
40139.98843
36687.86347
41989.37281
37799.11289
49924.47046
40851.20480
54885.28665
42790.54773
48550.71836
46404.04218
65177.38221
50360.28705
73387.71522
53877.84512
71707.19251
58607.17859
77022.47304
63129.70143
79520.47270
66950.55146
83584.23233
70705.03528
93426.26398
74884.48021
100927.35747
81706.93126
109395.11729
85224.21824
113075.85987
89619.78324
119505.34608
95939.86949
129816.72043
100300.11721
134599.44975
106500.07660
142514.76325
112000.90332
146871.46034
118729.35318
152535.01031
125752.25276
157658.57164
133480.05386
166991.49578
142253.06943
173650.40511
148485.84414
182261.37289
156558.90153
191067.45899
169423.69726
205964.55178
176488.62439
215900.45697
184280.84021
225222.40570
195611.98590
242768.15121
204135.90827
252199.18306
216885.25464
266312.64004
230767.96703
282219.98060
243240.50206
292645.56773
255929.97822
315529.25328
266708.39956
328186.26586
276903.51609
341480.49860
287827.18626
362127.41318
303364.76031
375287.13524
317313.66780
393363.34401
334262.95692
420776.43252
351173.89831
433475.58309
363980.26470
450941.13292
380470.02505
466248.01433
391726.01996
466900.01056
409097.14808
487642.48847
426021.12418
508676.03325
443999.56769
531722.23802
455383.04701
545989.94654
477360.83971
566039.29286
