0.01127
59.62287
0.01634
0.54816
0.00135
1.14291
0.00015
322.38059
0.00053
5171.43705
0.00086
0.11480
0.00067
130.77275
0.00070
1812.83905
0.00103
0.49361
0.00149
0.44600
0.00203
323.62635
0.00208
363.28472
0.00252
15034.93682
0.00498
451.15780
0.00313
1.33860
0.00012
************
0.00017
35.82598
0.00103
6.04705
0.00102
414.08047
0.00298
1170.02967
-0.00019
472899.32064
-0.00001
497.96640
0.00207
100.11993
0.00066
275120.87368
0.00238
145.83020
0.00012
8.63237
0.00933
150256.47646
0.00533
158.68604
0.00170
332423.01150
0.00071
1467.71946
0.00083
53.62985
0.00053
************
0.00560
496.90722
0.00230
1861.81108
0.00332
41.33236
0.00286
144.01259
-0.00002
************
0.00338
15922.66894
0.00175
623.91153
0.00189
73538.76669
0.03164
24.61104
-0.00013
689.79996
-0.00003
14.70741
-0.00013
333.15361
-0.00092
22.57812
-0.00047
230.13824
-0.00029
14806.93414
0.00020
9.18437
0.00040
93.50937
0.00024
************
0.00111
************
0.00483
4.34086
0.00149
13654.23033
0.00034
163.04159
0.00177
349.39928
0.00300
21.96212
0.00096
20249.92621
0.00102
************
0.00191
694.55263
-0.00104
214.72291
0.00098
335.21026
0.00019
994.09504
-0.00041
2128.76466
-0.00008
58225.49029
0.00441
************
0.00328
113.23586
0.00352
484075.89431
0.00241
201.39364
0.00063
47875.88281
-0.00054
24.75544
0.00038
5717.37928
0.00460
************
0.00173
63.43097
0.00555
199781.44179
0.00271
454.39869
0.00315
701210.53417
0.00044
************
0.00106
11900.58864
0.00378
35227.77115
0.00185
10252.65910
-0.00063
75.86923
-0.00028
23.59685
-0.00046
4594.28353
0.00453
3479.25226
-0.00017
************
0.00390
55322.07470
0.00076
9330.52177
-0.00015
1801.54840
-0.00060
69.98473
0.00356
61.17677
-0.00068
478.53002
