2.66462
130.61818
-1.85206
9.34764
53.40325
160.81157
49.69385
85.21358
17.29729
26.75685
2.99675
89.64407
59.47181
107.28258
177.70224
202.12723
127.57310
127.54333
100.16623
160.24010
167.69728
329.15658
201.82873
420.06431
168.18596
167.46817
300.77160
302.45900
294.92048
308.65761
454.15851
529.01626
409.44221
531.83999
460.06592
417.05599
606.54615
383.08788
822.34741
991.29491
763.24293
743.47566
923.20354
1117.48981
1060.97078
1166.69488
1200.63116
1488.55236
1251.58316
1274.35599
1593.69051
1516.95575
1988.09725
1907.55702
2027.02213
2503.69906
2340.58688
2548.31791
2271.70364
2541.99517
3025.08180
2711.02686
3307.16988
3216.75664
4016.72732
4302.85667
3802.04417
3748.75434
4589.98875
4613.91514
5056.86559
5547.53811
4587.00383
5446.61510
6223.93224
7097.33687
6126.66592
5814.46727
6282.35940
6766.97377
7772.34912
8497.52204
8286.15201
8130.88553
9353.72725
10618.12736
10451.19704
11382.92297
10786.51145
11905.32382
12007.78769
14301.23007
13618.53683
17094.38280
13456.11643
16465.71438
14629.86818
18163.66969
14772.40323
17306.83813
15621.77583
21619.51114
16703.40826
21100.83277
18059.46349
22226.44926
18739.42473
22236.04229
20797.83693
24589.31569
22229.00830
29636.37054
24077.91724
33759.99179
24966.23510
31502.64732
26699.58126
33663.44335
28206.97680
33947.81450
29853.36053
38523.50377
30515.05236
41628.00537
32546.83323
38550.02837
35024.47175
49732.93453
36554.01128
47110.56532
39137.52646
56314.64873
40340.46471
57592.61400
43662.73760
56535.85614
45257.80116
58310.63864
48428.32855
61372.45398
49858.52165
62579.03199
52344.87627
67011.33888
55775.34487
72724.75856
57786.67432
80431.00601
60194.72688
83360.52750
63922.59716
87912.95711
66258.38239
94066.20074
71344.27886
94074.41572
72878.00773
99202.16044
76261.66092
101602.23011
79949.74170
104623.84671
83312.32453
110367.54012
88112.59230
116809.27270
90907.09848
114635.06961
94308.28646
118068.73059
98070.92022
121594.53252
103306.36287
128488.87140
106579.41726
131731.32998
112927.23435
139512.32864
116787.67444
143297.81942
121846.37219
149773.78753
