33796.02990
41038.56987
112.48645
310.45995
145101.57996
9376.40013
6451.62203
431474.47518
85348.67599
700.26821
1116.76328
319.51334
213.65620
316.07298
80.43035
18.44286
20.12891
17.29858
18.77722
79.03979
19.75252
8.42942
8.67885
8.19726
6.92117
6.13579
6.21771
6.79099
5.56813
4.82247
4.64277
4.29071
4.43691
3.98833
3.67112
3.38483
3.11067
3.53020
3.39020
3.09977
3.15826
3.71710
3.54444
3.51163
3.27165
3.44106
3.41640
3.69988
3.49742
3.61502
3.94808
3.98851
3.98739
4.12967
4.26411
4.55046
4.58381
4.68542
4.98367
4.89640
5.28927
5.49380
5.62062
5.97314
6.40405
6.58819
6.89798
7.08835
7.47043
7.90191
8.20415
8.37650
8.68601
8.82547
9.42935
9.36965
9.96867
10.13525
10.59380
10.76655
11.43914
12.48635
12.64743
13.17649
13.98249
15.00958
15.71766
15.51442
16.31587
