-0.83441
-2.38825
-0.87116
-3.25862
-1.66040
-3.94226
-1.85695
-5.00344
-2.03835
-2.94142
-2.24337
-1.17505
-2.37208
-2.90592
-2.46973
20.40676
-2.46343
-2.09829
-2.53695
-3.32211
-2.36391
-3.93276
-2.35970
-2.01340
-2.56080
-3.65181
-2.53058
25.63945
-2.45584
-4.57451
-1.58154
-2.15361
-1.16043
43.39565
-0.62760
-2.74709
0.02875
-4.50797
-2.50943
-5.81534
-2.68550
-1.61915
-2.42587
-4.95361
-2.77813
-4.50360
5.10019
6.95784
-2.96782
-7.74156
-2.34471
-3.22750
-1.33939
-8.38843
-1.83340
-6.96827
-1.95586
23.67179
-1.41055
-8.09979
-0.84840
-5.90994
-0.40448
-5.85011
-3.40099
-0.94908
-3.32765
25.91532
-3.23224
38.49758
-1.12798
-13.84519
-0.86990
-11.76447
-3.24885
-3.77455
-3.32118
-15.18299
-3.00394
-0.00790
-3.52338
7.75604
-3.96867
1.96869
-3.87994
-11.01420
-3.81117
-7.40366
-4.83111
-7.09014
-4.56964
4.26365
-4.95295
-7.48034
-4.98978
25.13681
-4.66060
-9.79199
-4.57799
-19.60341
-4.55258
38.89718
-5.18024
-16.31996
-5.36270
-7.06553
-5.31529
28.31288
-5.09468
-15.51395
-5.24233
-17.71966
-5.22754
-11.03824
-5.55552
16.59411
-5.41048
-11.19432
-5.32794
-14.83427
-5.20241
59.54532
-5.60606
-24.88928
-6.36928
-13.96238
-6.60911
-20.06421
-5.86147
-6.21714
-6.40998
-17.03995
-6.24647
13.48027
-6.70202
-20.32584
-6.12780
-16.60498
-5.10262
-14.89009
-6.55931
-17.52102
-6.83828
0.16004
-6.94603
-17.28977
-7.27385
-10.12182
-6.93163
1.07899
-8.37821
0.09648
-7.21832
-3.70291
-7.69133
-12.34787
-7.39132
35.31440
-8.78125
-3.90022
-8.27685
11.87719
-8.31930
-20.72011
-9.08171
6.49215
-8.84253
-6.23065
-6.18178
-8.72080
-7.74111
-8.90979
-7.98799
20.95799
-8.93422
11.24226
-6.58784
19.28619
-7.60520
1.29588
-11.78944
-7.23772
