26.16040
21.41759
23.35797
27.15581
27.94206
31.02640
35.11511
40.60436
45.61719
52.81185
60.07531
69.03508
77.46875
90.73254
103.56711
116.21988
135.32347
159.75735
186.13117
207.38259
243.37464
282.49613
319.61514
355.38136
401.56279
467.47390
508.74048
567.58020
628.89816
734.85839
859.73116
921.23226
985.68963
1102.82392
1176.06294
1344.51041
1438.78862
1531.95267
1867.55344
1990.42921
2044.13370
2275.69079
2671.59797
2734.18696
2801.45266
3051.53754
3424.40841
3858.25959
4131.89169
4216.15367
4471.55425
4897.02282
5108.48580
5515.19183
5843.11249
6246.26808
6720.59734
7279.11919
7587.04559
8956.30258
8585.49804
8967.63355
9600.35929
10147.49032
10860.09324
11337.33497
12174.73989
12296.84636
13403.47109
13706.54754
15174.92661
15611.72991
16257.60341
16735.66977
17589.23967
19241.44085
20294.69614
20289.73068
21231.61527
22250.88870
24736.90121
24296.00512
25473.47791
26615.55433
27809.79338
28990.40877
30216.98390
31573.87426
32869.10700
34264.08872
35663.85906
