-1.52568
-2.85734
-3.46967
-3.34976
-3.53001
5.42088
-1.52923
0.10437
-4.41670
-3.20944
-1.60934
-0.31115
-3.14753
3.74009
-2.77038
1.92025
-3.52127
-3.55940
-0.00444
0.48583
-2.89157
1.60260
-3.62354
-0.55560
-3.31422
-2.47067
-4.94807
-2.63792
-3.79988
-4.33013
-4.44317
-3.74921
-3.57970
-1.32482
-1.51716
1.35951
-4.46629
-0.07978
-4.24920
5.54902
-3.69162
-4.12181
-4.77575
0.04570
-5.52530
-3.62463
-0.63048
-2.61960
1.07807
-5.56459
-3.87461
-3.66170
-4.57388
3.45686
-1.45313
-0.68935
-4.94560
-5.18390
-2.61403
-3.90780
-5.06169
-3.86476
-0.91515
-4.79212
-3.20894
2.37905
-4.20439
-6.17297
-6.07883
3.22048
-2.14006
-6.24094
-4.96394
-7.44185
-7.28827
-5.02111
-5.54817
-5.03689
-5.57194
-2.67817
0.86634
-5.67072
-3.37670
3.76795
0.15631
-1.95177
-6.31314
-6.93312
-5.08951
-2.37587
-3.60379
-1.16113
-0.29808
-7.33874
-7.99621
-1.76039
-4.83934
-8.80551
-5.60267
-8.13280
-4.83987
-2.29642
2.59501
-6.66241
0.07607
-4.71331
-2.13599
-5.34038
-6.11584
2.39490
-9.72013
-6.40252
-5.74331
-4.94340
-5.25414
-3.68312
-9.66400
-6.72022
-2.36405
-3.17263
-3.79291
-4.28332
-0.91899
-7.81282
-5.56312
-6.34112
-8.20907
-4.21586
-5.45117
-8.49450
-5.41954
-7.35655
-9.64046
1.56385
-11.47620
-9.65209
-6.39624
-5.38302
-3.65413
-9.64036
-7.07348
-2.57650
-1.24936
-8.17657
-9.91621
-12.14859
-10.85433
-9.78537
-4.56813
-10.76952
-9.40170
1.90705
-10.00244
-10.50123
-10.26611
-1.96416
-10.92639
-6.62627
-10.24209
-10.32064
-6.07142
-2.54232
-8.14012
-7.34475
-11.62975
-7.20396
-10.60474
-9.66457
-9.14978
-3.44823
-7.54567
-9.63582
-12.91788
-3.35085
-11.52084
-6.96802
-8.79446
-5.29471
-3.71855
-5.93789
-8.21189
-10.01170
-11.26108
-9.27874
-12.71118
-10.14477
-4.48532
1.96395
-9.45555
-7.49362
-15.08997
-3.00691
-7.30835
-13.35279
-5.14653
-12.86754
-13.42657
-10.56334
-11.28155
-11.68029
-14.30939
-0.33358
-11.74809
-9.98294
-13.69727
-13.11549
-12.79827
-3.06128
0.63014
-13.95069
-10.60394
-9.76397
-14.95233
-10.07519
-11.68703
-12.66556
-11.67648
-14.87519
-14.61547
-15.53856
-2.57736
-12.81352
-11.66321
-13.88890
-12.69755
-7.89213
-12.44991
-13.42890
-14.80625
-13.51710
-18.66216
-13.97180
-7.50943
-13.72900
-12.50644
-11.22954
-8.36461
-16.39025
-13.77866
-2.17551
-16.50230
-14.38122
-21.19662
-12.01358
-13.20469
-4.26210
-2.79833
-12.81429
-6.87707
-14.69936
-4.23244
-19.58322
-7.50550
-13.33331
-12.65357
-17.76216
-15.02043
-9.61977
-13.59068
-15.68678
-16.24824
-9.23301
-13.87448
-19.35879
-14.85481
-17.44900
-15.27734
-20.96227
-18.83245
-15.21547
-9.85597
-14.05838
-6.18265
-16.66259
-10.19915
-16.49120
-13.42346
-18.25228
-13.89649
-19.12870
-16.29744
-8.58032
-18.38920
-12.06374
-13.12276
-21.02821
-15.88756
-15.27894
-20.65481
-13.96780
-20.55822
-9.89101
-13.35257
-20.83622
-15.58252
-15.22356
-19.91771
-7.81944
-13.52997
-9.37247
-20.81892
-20.50425
-19.27559
-16.48999
-20.12815
-9.77870
-4.48167
-9.52852
-17.16191
-16.65423
-20.57312
-26.20647
-18.62402
-15.05570
-21.32673
-12.84069
-21.17316
-24.69291
-18.28070
-19.82633
-21.27705
-23.50394
-24.52327
-14.37281
-22.08928
-27.21298
-24.73016
-20.48374
-16.33162
-16.86480
-16.28003
-20.93846
-24.52403
-23.64123
-20.48176
-22.50288
-11.11189
-21.94752
-23.34816
-19.60307
-20.37101
-17.84633
-28.34961
-26.43792
-28.74007
-21.59983
-18.73678
-23.68889
-27.98107
-19.16702
-26.62689
-30.44311
-17.49732
-25.72708
-20.60638
-18.59080
-29.83436
-28.52038
-29.57527
-27.59904
-26.90522
-24.96854
-28.91294
-30.39369
-26.79597
-13.25637
-27.71324
-17.29220
-30.72339
-16.44280
-7.11605
-29.88016
-25.35298
-18.43436
-23.80933
-17.05804
-20.32836
-28.72070
-26.19209
-18.72138
-22.75596
-7.38377
-25.98262
-5.45486
-29.24775
-25.98696
-24.42832
-28.28311
-27.50376
-36.61470
-26.81853
-25.46996
-28.89114
-27.88531
-30.42203
-28.27033
-28.47157
-32.16388
-29.94593
-24.47446
-27.81416
-27.75295
-30.93791
-30.44652
-27.31378
-31.38338
-35.50730
-30.97106
-33.66660
-18.58705
-28.78499
-31.08205
-31.97653
-39.28492
-37.51450
-20.13365
-26.81159
-32.38134
-33.92266
-27.42298
-32.42715
-36.01762
-22.98958
-33.90231
-24.57960
-27.06374
-29.37356
-34.21748
-22.42865
-29.10187
-31.20008
-31.30832
-36.12137
-40.27071
-38.89244
-29.51553
-31.36098
-32.91585
-36.11856
-28.05779
-26.41498
-36.50961
-36.02610
-30.24907
-34.35827
-21.30642
-33.92200
-21.72802
-38.18582
-32.34892
-30.56908
-39.98544
-41.23832
-42.70830
-24.23715
-31.88656
-36.55501
-40.47911
-35.87017
-31.50509
-26.09948
-41.94579
-34.78006
-29.46255
-31.26483
-37.74102
-39.82328
-33.02578
-40.59995
-35.59502
-38.01729
-37.93430
-39.13453
-37.08905
-42.55369
-40.51525
-33.81326
-32.56864
-33.89668
-30.81044
-44.44472
-27.04835
-32.29830
-37.45808
-34.92378
-41.59067
-40.98691
-37.92060
-49.61370
-39.37680
-36.68687
-40.51206
-38.56490
-38.23230
-38.34200
-22.55655
-35.60797
-36.97706
-48.28450
-38.91582
-46.08502
-34.28929
-40.52607
-38.79835
-44.50229
-37.29719
-37.70736
-41.64647
-37.34563
-39.91594
-45.96909
-31.49469
-43.76338
-38.30869
-48.41088
-34.29778
-43.76967
-35.00327
-48.58212
-51.43309
-39.82830
-35.35356
-39.78156
-46.45636
-45.96732
-35.14493
-56.57491
-41.83971
-51.34709
-39.69799
-47.42287
-33.47542
-46.20115
-52.37006
-35.85713
-43.91632
-46.41338
-40.66733
-37.15723
-35.45483
-48.02793
-47.28199
-54.81896
-52.64044
-52.72717
-37.43424
-53.91340
-55.19093
-53.99357
-47.36195
-47.31133
-51.89930
-45.79044
-44.67903
-53.04928
-45.14751
-45.75303
-55.61355
-43.97923
-42.02568
-48.86998
-44.31862
-55.18111
-55.91083
-54.71782
-38.84881
-47.20370
-50.00388
-52.29405
-30.14494
-46.96729
-46.19422
-59.89566
-40.11910
-54.14824
-48.29014
-64.49610
-47.55128
-59.60625
-50.41107
-58.98325
-49.34260
-56.76391
-45.84085
-62.45152
-56.86029
-52.34445
-55.23610
-50.33846
-51.46991
-46.32643
-49.79660
-57.18811
-54.45271
-60.90043
-49.14288
-58.05236
-58.07024
-61.81497
-46.23923
-56.96108
-53.61994
-56.16923
-65.56798
-54.22434
-45.94897
-54.73672
-55.77276
-64.92121
-53.76803
-54.80920
-59.72162
-52.22127
-52.55225
-56.73649
-60.24181
-54.55019
-59.09086
-57.54008
-51.60591
-59.07511
-47.26937
-55.74139
-55.73182
-55.42825
-44.38282
-62.33727
-52.18219
-67.09243
-56.18071
-64.57837
-60.00869
-67.11528
-62.90890
-68.00670
-57.75451
-51.53713
-62.93635
-53.07870
-63.73969
-63.56444
-61.53343
-52.85144
-65.20069
-66.62678
-64.90895
-63.98113
-65.37460
-58.25319
-63.65448
-61.09785
-58.61866
-69.69744
-70.32106
-65.95874
-61.67922
-64.18088
-55.61778
-75.97315
-67.98343
-64.04343
-73.12341
-66.29314
-59.43583
-74.52706
-68.21955
-69.44819
-63.33306
-62.03109
-62.00043
-69.05318
-54.02818
-66.48214
-70.36806
-59.26281
-70.15321
-67.24069
-74.46029
-63.44706
-67.98472
-82.23438
-71.32951
-74.85648
-70.50307
-72.23454
-67.13536
-75.40347
-74.03681
-69.07786
-81.53746
-64.58846
-65.47095
-71.84399
-66.37273
-72.15023
-81.70403
-69.43375
-71.82863
-66.91569
-74.81333
-85.29314
-73.93329
-74.14545
-75.01088
-72.30999
-70.80199
-73.92863
-66.10603
-76.43598
-71.67997
-68.89816
-66.94999
-78.48140
-81.76018
-83.00950
-67.07164
-76.95172
-66.50254
-64.03316
-69.01621
-74.83646
-77.08696
-81.11373
-67.67705
-55.49424
-75.85426
-76.91494
-78.92950
-80.55510
-74.24025
-75.55564
-69.58549
-81.98786
-86.87658
-89.60087
-65.74801
-83.38181
-80.08461
-86.67502
-69.12915
-94.13118
-65.08877
-78.35646
-83.97111
-86.01882
-69.99881
-84.44291
-88.67060
-80.58633
-79.09980
-80.91741
-94.47461
-78.22271
-86.57894
-92.08849
-84.29169
-78.46995
-88.37344
-88.92447
-85.78618
-81.94954
-79.48382
-90.76703
-87.58442
-86.28105
-72.96140
-91.86331
-85.72092
-76.03440
-84.47168
-72.99288
-92.04858
-91.96178
-90.58649
-94.68886
-74.98252
-94.37160
-96.15823
-100.09784
-81.26907
-82.49849
-78.89842
-84.78862
-70.37837
-88.44204
-92.28822
-77.88550
-92.03784
-92.17241
-77.69833
-101.36496
-77.83015
-82.83139
-102.14644
-97.97944
-87.66837
-95.13366
-88.31693
-86.98030
-89.30391
-91.16023
-87.66708
-95.94502
-85.51782
-86.94435
-97.71671
-98.45393
-88.12767
-107.24444
-89.83142
-90.65665
-100.91846
-102.15779
-106.11934
-107.75536
-104.73695
-98.98297
-90.67042
-93.82344
-93.19008
-89.68675
-91.07249
-92.06133
-99.95417
-87.88845
-96.72495
-95.67049
-98.34157
-100.97656
-108.39156
-100.94498
-95.67311
-100.00471
-96.48719
-90.14115
-96.53869
-103.21294
-91.83110
-88.59823
-98.65428
-103.15935
-96.84410
-96.30764
-93.31064
-108.94247
-93.81557
-99.00687
-94.00424
-103.20267
-106.10583
-99.52903
-107.39762
-106.37374
-108.84783
-98.22338
-107.98444
-117.00438
-97.12077
-107.35498
-118.46052
-111.73953
-113.48743
-104.05765
-115.81623
-107.85019
-104.40878
-113.68564
-109.85540
-99.68308
-107.62836
-97.33627
-102.35959
-106.70114
-90.73200
-102.28797
-109.05713
-111.93252
-110.63544
-121.89970
-105.68505
-101.11473
-107.80440
-103.74830
-111.00927
-101.61199
-107.82730
-110.10430
-117.47100
-114.71203
-131.78840
-123.91339
-69.47359
-101.21198
-101.68469
-101.98515
-103.78048
-101.86045
-100.27357
-122.63075
-108.75786
-120.90857
-112.86483
-127.21184
-112.36070
-114.07893
-104.23837
-113.10535
-89.72257
-114.74269
-112.98096
-123.43559
-120.26833
-117.42005
-109.49636
-113.72280
-111.87303
-109.82535
-128.67575
-116.58921
-121.52452
-129.30083
-118.70262
-129.58959
-106.18210
-132.86302
-127.18644
-122.99020
-111.58414
-122.74654
-129.00494
-114.70345
-108.61988
-120.62392
-116.18940
-128.16159
-126.75401
-112.35088
-128.36876
-127.68557
-109.02600
-128.61162
-113.79802
-137.19361
-126.74558
-124.33703
-124.87476
-126.17028
-129.31281
-124.51719
-137.62530
-121.25820
-120.43713
-123.42090
-112.06657
-126.20794
-124.10822
-110.29669
-123.01908
-130.06655
-134.58303
-127.39908
-123.99163
-122.02257
-138.01128
-130.28291
-124.14308
-128.47757
-138.97104
-128.67781
-107.54919
-113.00021
-134.43298
-126.11624
-124.05223
-147.63040
-125.85461
-141.50781
-121.67346
-131.28755
-135.27999
-125.06183
-133.58439
-134.02874
-133.59905
-134.41002
-134.44026
-125.83056
-134.12465
-132.94639
-129.53466
-141.85086
-118.63347
-147.84367
-130.84076
-135.53965
-133.90173
-136.15337
-131.38894
-141.50559
-128.35357
-137.54335
-144.71108
-136.06712
-141.58549
-129.28143
-146.25208
-141.43699
-132.63547
-145.06213
-144.64184
-141.87552
-147.83355
-150.01813
-152.14426
-138.39332
-147.10108
-143.83515
-150.20468
-139.29178
-144.20056
-152.36448
-143.90547
-149.55591
-143.51875
-145.12453
-139.57931
-144.89016
-135.49325
-134.10090
-141.97309
-153.78850
-135.05861
-134.28456
-157.98821
-144.94148
-143.45463
-151.34595
-157.10033
-146.25123
-153.22207
-136.95013
-155.86859
-152.95410
-148.82381
-136.46352
-135.78393
-152.41563
-151.96777
-158.51255
-144.44503
-154.51250
-155.73576
-157.68279
-149.42183
-139.69543
-143.77377
-131.79324
-148.53541
-151.51108
-163.76026
-141.01748
-154.66758
-154.96159
-140.28736
-149.52014
-152.38103
-156.01582
-151.07027
-158.56524
-151.53594
-155.15969
-160.06218
-165.30039
-154.52729
-167.56001
-168.95211
-163.59480
-166.89159
-158.97782
-166.03220
-158.39466
-170.50778
-179.78446
-161.35997
-158.53725
-162.09943
-149.78698
-156.95586
-169.86754
-170.98142
-167.70156
-146.86455
-154.63613
-162.22093
-173.38540
-149.05039
-136.89568
-147.00636
-169.31588
-168.39538
-159.99686
-176.13476
-162.80951
-173.20752
-168.51245
-144.84315
-172.47808
-181.59520
-176.51931
-165.46859
-178.25488
-160.25994
-172.94270
-162.24999
-164.12335
-158.74014
-164.91257
-168.62483
-174.39250
-160.99704
-175.30177
-184.14329
-160.31855
-162.64080
-160.69827
-145.04974
-162.28101
-170.97274
-177.25070
-177.78964
-177.58923
-168.63776
-175.48197
-182.16004
-170.75016
-175.78074
-174.13305
-189.49753
-151.41313
-184.45410
-170.06203
-166.77929
-181.92341
-166.19472
-175.74814
-173.96174
-186.94940
-174.14671
-186.58206
-169.24822
-178.41265
-180.75019
-175.65637
-178.40083
-178.45321
-174.32538
-188.43946
-179.00097
-198.34473
-187.21145
-196.39272
-183.26567
-190.55590
-165.99815
-186.13667
-181.60433
-173.62204
-188.90256
-179.98563
-171.14604
-189.03693
-187.37769
-203.64911
-194.78748
-184.86287
-154.02022
-193.01756
-182.66891
-195.62301
-189.22580
-196.65443
-201.41670
-193.30208
-179.05096
-200.89136
-176.19400
-186.92047
-199.15876
-188.68453
-179.68960
-182.19864
-190.26515
-194.17041
-187.74915
-187.69659
-191.61994
-187.69132
-192.65986
-182.61350
-194.99504
-196.65188
-190.80691
-214.33200
-184.37970
-193.10576
-172.90587
-182.55819
-212.16670
-203.44571
-179.84686
-211.00976
-202.98594
-186.26075
-192.08378
-205.50026
-196.75760
-213.11389
-189.53806
-200.51568
-197.77770
-213.88927
-215.28747
-214.35227
-196.39990
-202.93074
-184.21693
-196.28032
-179.22186
-202.49899
-210.20565
-197.57632
-207.02492
-206.79134
-215.09239
-209.71690
-204.72531
-216.86224
-214.23622
-214.06602
-195.35170
-204.00105
-207.90916
-198.41131
-207.14348
-216.84673
-211.72402
-209.81386
-219.19350
-205.96664
-199.36331
-217.91888
-202.35502
-199.33325
-205.38103
-215.94940
-211.84838
-212.04448
-213.93773
-211.04135
-203.57858
-204.25589
-209.08622
-209.29793
-220.39153
-228.11661
-219.02547
-205.26102
-213.59828
-222.68347
-195.52466
-219.71642
-215.53108
-214.01552
-219.48955
-218.38856
-222.76370
-214.86651
-222.02097
-185.08139
-178.92386
-225.69106
-210.18063
-206.22659
-207.24078
-229.93306
-226.38593
-221.19279
-184.25719
-212.99619
-225.41223
-227.05951
-225.49398
-244.49759
-227.24323
-227.49886
-218.76135
-232.98466
-226.92305
-235.20769
-219.98070
-235.17155
-227.70561
-211.80912
-206.41553
-233.29137
-235.37019
-227.64596
-236.86459
-244.52514
-229.43437
-225.91330
-224.47691
-229.90819
-236.99920
-234.98611
-224.84815
-218.38735
-232.91369
-245.61715
-202.40761
-236.55814
-214.40006
-231.99799
-204.55406
-247.63806
-227.27802
-223.97175
-237.29769
-232.93118
-226.38881
-233.48891
-229.45108
-250.27937
-221.04421
-239.79472
-242.60035
-234.23626
-235.43805
-237.64434
-227.95041
-252.16355
-221.55030
-227.87505
-233.24155
-226.59818
-252.50105
-231.51561
-234.91393
-225.10324
-232.07361
-242.64046
-242.98703
-238.14585
-238.99260
-249.48420
-247.26584
-259.06580
-249.73532
-254.18184
-249.74286
-256.05389
-244.16972
-258.35873
-237.57825
-248.95690
-253.14124
-257.75006
-244.21631
-230.88523
-243.96562
-239.08467
-259.02084
-270.49170
-241.31914
-244.86825
-233.72167
-253.17139
-232.55895
-229.98422
-244.73786
-258.28778
-247.36970
-266.77755
-251.44685
-255.18335
-260.78552
-246.61640
-242.80560
-251.06970
-254.08369
-245.21038
-242.60754
-261.67933
-253.24066
-260.05943
-261.77644
-264.22864
-251.95952
-254.78174
-266.85378
-268.73534
-251.13227
-267.80386
-253.87258
-269.00527
-248.17136
-242.61043
-249.08579
-276.11873
-241.69734
-268.78204
-270.52462
-285.08183
-264.28687
-260.85006
-252.56633
-267.32498
-254.06394
-257.33404
-260.89505
-270.16541
-259.74238
-273.81016
-265.05357
-272.72268
-254.44641
-256.96314
-265.10227
-263.97023
-260.43049
-277.33452
-272.49261
-250.96986
-275.61757
-276.02820
-264.16384
-279.39811
-248.83864
-281.16867
-276.80219
-271.54948
-253.00492
-267.50188
-278.22556
-274.68158
-272.57071
-275.31552
-258.80341
-280.06211
-256.86588
-268.86062
-268.63874
-285.87602
-301.24908
-272.26248
-279.91495
-279.96494
-284.15142
-276.62103
-296.02958
-281.81241
-285.96879
-278.64659
-284.74796
-301.08576
-286.32189
-298.67448
-304.55899
-289.01685
-271.53017
-277.58979
-295.93885
-279.92625
-253.55589
-276.25629
-298.73476
-289.80999
-277.48133
-285.54644
-288.39104
-286.01899
-252.98764
-292.11935
-291.92733
-296.85431
-276.50541
-271.47438
-290.05754
-306.09136
-285.44607
-289.88407
-281.36337
-294.23339
-282.96372
-298.22683
-265.09917
-287.85162
-276.00255
-316.62232
-291.89140
-284.69940
-275.29552
-294.89418
-297.96689
-303.23371
-292.41704
-305.90167
-299.25716
-283.43274
-309.87740
-313.36565
-313.71465
-300.04264
-311.76000
-311.97927
-304.07862
-276.21412
-293.63261
-303.52815
-302.42248
-305.34544
-292.53743
-293.14596
-311.36112
-308.74899
-324.94303
-307.61873
-304.68964
-314.60995
-319.63561
-321.18427
-308.53072
-312.06946
-295.78719
-308.24601
-300.10641
-319.37005
-322.11185
-317.64215
-305.05318
-321.96313
-294.90231
-310.89971
-329.29754
-312.03503
-310.86646
-322.23300
-323.75277
-342.05577
-303.92010
-333.84471
-298.83932
-319.76883
-306.57680
-312.37816
-319.79101
-312.40915
-305.18744
-312.17915
-320.82297
-320.88150
-309.70724
-318.99015
-309.99321
-312.90370
-324.47853
-315.63326
-334.27199
-314.31149
-325.11013
-327.03857
-320.48776
-327.81331
-322.21692
-308.05605
-319.24452
-325.28148
-325.85095
-316.76616
-323.24368
-332.74530
-304.38275
-326.25572
-316.97656
-320.28071
-326.97710
-329.22968
-296.44020
-363.65383
-321.54312
-318.91268
-331.33693
-343.45928
-334.06658
-319.95485
-318.24965
-333.14301
-313.63094
-348.04587
-326.59638
-325.29358
-336.45382
-332.38345
-333.23225
-326.25767
-330.65510
-347.15439
-327.47027
-336.25554
-330.86435
-331.40412
-348.05992
-353.64928
-333.47111
-337.02812
-325.29542
-314.34800
-344.14835
-352.52572
-344.34505
-356.41017
-343.09389
-318.99905
-335.08914
-322.41955
-355.31723
-351.66422
-350.02320
-358.74502
-349.00039
-350.92779
-365.87861
-341.76005
-339.08621
-329.23449
-364.82864
-342.97398
-345.35615
-335.37041
-339.80051
-353.56723
-339.36917
-324.21784
-325.63035
-355.50098
-343.12394
-372.69509
-339.40095
-358.91196
-344.34915
-362.15356
-355.60277
-354.53155
-326.09751
-357.87370
-373.15416
-336.29037
-343.31833
-363.17771
-357.26872
-359.08122
-353.32949
-339.87540
-347.81892
-352.69845
-348.15588
-349.30823
-366.99837
-359.83935
-357.99184
-390.05817
-369.60772
-361.61578
-378.93180
-359.84832
-349.91460
-372.11698
-378.39820
-362.04349
-344.49602
-374.83157
-372.30594
-352.96296
-346.14254
-370.52147
-373.82944
-373.01002
-365.69089
-380.82088
-367.66051
-382.89466
-348.65141
-358.60669
-361.58233
-378.13210
-371.64738
-364.75317
-339.71569
-357.56333
-372.76746
-383.95886
-373.41443
-360.65849
-356.95025
-403.08992
-378.92156
-394.86847
-379.48493
-370.02207
-385.33472
-396.27221
-399.85827
-357.66000
-363.28102
-380.51460
-395.42497
-394.95615
-367.73681
-359.37950
-392.28128
-410.50780
-343.06033
-387.48987
-369.87422
-387.66704
-397.91292
-405.39410
-372.67073
-352.59065
-368.83196
-363.09545
-376.75927
-386.73561
-390.20164
-372.08048
-396.06638
-393.70102
-379.51085
-386.18115
-390.27160
-387.65986
-368.51847
-392.89519
-408.67645
-370.32551
-389.47723
-387.70852
-381.27214
-409.15292
-398.29392
-402.49951
-392.43207
-409.77788
-417.71048
-394.75824
-389.92910
-408.00076
-401.03613
-400.70352
-381.05299
-398.44749
-392.58072
-384.86406
-376.30319
-393.81587
-398.87051
-407.09643
-388.68376
-377.57026
-416.41857
-407.65421
-371.80406
-416.37357
-358.90974
-416.10569
-381.34469
-407.35341
-395.56229
-410.86464
-396.17326
-423.36500
-436.22908
-406.56503
-417.14072
-417.60446
-392.22062
-408.43972
-393.69990
-415.79132
-401.20228
-428.35310
-410.34797
-427.49155
-412.89089
-392.38601
-412.97042
-412.48228
-409.60379
-428.76783
-409.64855
-435.96086
-393.25098
