190.10314
101.96994
56.80674
-94.00098
-76.40361
803.14577
204.65086
2090.09239
-87.31545
-84.92243
-25.46484
312.42783
-22.78671
1142.72143
-28.54701
736.45433
101.22000
11.64566
436.88946
1273.83982
360.17382
878.31587
-19.73131
182.24583
51.72594
287.48721
-90.44639
32.30398
151.95020
320.66704
1.53267
6324.52303
13.39414
115.01225
862.15434
722.57454
-79.17327
98388.82652
-44.11674
917.82576
1479.09639
-63.24153
-109.93530
375.51609
-17.29835
955.68954
403.76273
980.17646
269.39721
-54.95423
81.45733
-13.02015
-63.71184
907.44992
730.16307
465.39784
-14.03378
-27.85688
41.14372
-45.50482
2016.43108
100.64590
277.36719
103.23450
99.67974
1720.63308
1503.28401
10752.81034
-118.59984
910.89946
516.56795
************
88.76708
79.37017
-155.44172
541.81999
43.02786
85.11576
567.54615
21184.58632
345.23688
86.18740
827.21953
1064.69382
461.36644
199.57376
-71.42363
93.46563
234.94035
18169.99648
172.13419
6004.72130
574.08570
329.31296
-143.78685
610.90741
219.09837
-41.54944
929.80478
-107.14549
42.17000
************
866.68708
29870.56158
819.61457
261.04026
349.86984
169.64286
83.16997
1175.67772
-154.88139
************
-49.72642
283.06720
164.60056
121269.15593
-65.19366
97.78339
653.06170
321.74535
324.77709
364.91185
304.29653
71.57893
68.41718
27475.29246
-34.61867
8150.33053
246.46142
884.42649
148.72690
169.75500
-188.42227
582.27503
-166.85896
-124.81906
510.41396
192.40656
177.28578
-21.26899
215.29955
398.16745
624.51472
769.76830
-127.31848
-248.85987
-61.88203
-59.68761
548.08653
-23.25124
108.77717
797.12541
-52.19727
291.53740
-12.24602
225937.95609
86.98751
9166.20412
2.20056
266.25578
385.95401
431.67029
4.23227
268.59484
-67.23737
323.75916
23.53354
0.31512
-16.13472
301.12238
303.58173
228.72565
79.92053
594.05380
728.23974
-8.56342
345.19513
539.11630
269.62835
470.86414
286.54522
19.53173
173.54780
466.32215
-62.44888
9511.17170
389.50841
525.77371
456.00916
382.64365
-254.30631
485.26674
125.98435
-94.67546
1062.21327
-32.95238
43.06529
************
810.19422
17.08544
343.61318
577.12683
-72.03239
165.15345
-126.00791
-77.55948
-50.56196
1156.82579
1978.24553
95.77064
152.81945
632.74033
-134.25479
154.00624
151.61782
170.99084
47.64014
103097.03708
17.61554
-42.90059
343.16216
23.73438
763.22676
87636.31289
41.34835
1362.07873
149.09511
************
-74.11414
170.14038
-191.00328
282.29897
286.94254
-58.53323
-46.14876
252.53654
398.54135
-59.59649
136.41916
625.18837
-0.26043
************
-219.97203
373.30971
100.86593
426.94974
418.96306
288.20485
527.38771
-24.71101
347.30536
-64.18919
403.65817
-131.83577
600.36843
-132.57211
-85.05856
315.37614
-7.27934
203.39129
14.22013
372.35317
1399.74136
133.82412
88.37510
104201.36983
30.28479
-203.15816
-16.35463
33.57516
5.89272
6901.06627
770.20010
268.16994
262.43246
640.25277
102.80630
1166.35633
536.15325
-93.17415
600.34291
632.41835
7.98323
637.74882
192.01374
-31.27740
176.49120
1376.42870
-79.59917
384.20909
101.10440
7002.25375
432.02856
174.69274
86.85973
511.15059
119.39842
1312.32849
451.42698
670.66637
-60.36572
259.52547
243.16529
696.85537
267.84267
726370.20756
632.08471
610.95435
195.00833
1002.60309
28.01649
-33.62073
-68.56431
143.82540
-147.39250
************
-193.16908
-115.47066
207.24177
1590.97718
90.00495
311.90640
-69.16134
1354.20588
97.89142
-132.24822
-141.20540
9482.41262
6.29839
982.83982
342.23270
285.09690
-25.51486
38.33865
540.15814
57313.77066
363.79301
421.27612
-39.89107
142.74027
438.44448
470.19572
-192.09300
86.87965
65.32924
551.61461
26.32728
245390.30544
-169.58596
7944.12461
-78.11733
159.06417
45.54936
177.24028
548.16952
594.59891
-212.37971
************
366.27600
64940.09475
248.64529
************
68.64135
-137.24328
-201.28030
611.13118
-171.61774
592.40109
-184.28302
550340.39722
1602.10703
372.86203
-22.02613
527.94541
140.45849
401.50733
671.71055
13.35064
1217.31930
616.07122
193.97715
5870.70758
80.93993
833.51238
4.50425
15952.09191
-87.79697
-181.77919
-113.63155
************
142.87649
2745.71601
-20.34527
2267.22517
-33.29493
474.47979
105.53750
-156.99933
-33.38068
131.00142
340.44843
282.17921
-138.74138
-125.38547
-177.14169
-88.55649
-235.72598
449000.97264
-31.90734
************
171.99984
305.21080
214.06446
94315.34583
-315.48918
11277.36880
105.60395
-77.04270
-75.96263
162.83845
183.40876
-298.39505
246.61762
275.73806
107.39756
65880.25649
165.35569
-155.91615
398.60158
2524.28767
-142.73931
75.97930
-196.22000
-278.82145
-90.49036
392.31723
177.29064
************
66.83636
46751.80495
547.42446
47.70150
156.15904
667.22061
-144.20668
903.26074
185.74371
469.35990
-123.65227
167.63043
159.78225
7876.80612
-62.68648
1640.14927
318.70129
38885.52333
-21.29276
246.47033
-188.93153
435.19599
475.56695
************
41.84482
774.08255
237.65909
255.41135
202.79477
6254.43286
56.70867
************
6.12956
-201.25209
202.60935
1909.13471
-110.94428
453.86645
360.97847
1089.98751
-5.72322
113.59267
-278.45163
613.75982
350.18832
365.39088
599.20168
114.87596
-135.22628
1919.91125
-170.46399
-165.09814
-154.71419
103574.79986
236.86126
355.57658
97.66087
11890.30356
92.59287
145.89789
-204.51744
-70.74274
-123.79843
241.84336
-274.36905
126.64051
-138.46606
145.93869
105.03383
60782.38208
312.66018
329781.98502
-161.62962
243.78198
-149.25879
-27.33032
112.44419
200.07338
612.69506
97.22937
-321.24966
64.26687
119.27294
50117.09641
729.35010
************
68.05411
************
-410.81765
1166.89319
-279.27838
-34.76464
-99.72133
405.62925
-25.60342
-85.75931
214.08919
757.67338
22.54328
4853.72236
284.05708
250.30474
97.90252
3115.78081
-393.89872
-129.54272
-29.79532
551.79773
-318.18699
-29.96263
-223.44901
-70.90425
54.14727
-173.10344
2.18086
171.22554
-170.99608
60.37602
265.79127
-25.24334
413.01683
392.72326
65.83204
353.38163
-23.48384
-239.77163
-130.20411
576.27485
233.16534
668.92508
62.54703
694.38966
110.82271
************
-75.51968
328.81798
-129.51373
-7.89608
-153.85238
************
-402.09390
2154.49433
-257.39572
16509.30295
-307.96029
23.41770
-418.55175
5601.52448
-2.24350
-150.98459
264.77652
************
228.43334
74534.35040
-295.72357
430422.19261
-308.40143
20603.49910
114.60727
81.66428
-27.82010
160.66387
-248.32220
229.71694
48.14223
47.89564
-82.43849
155.14903
423.45020
11.53843
-251.65701
143.88898
47.43213
-64.37521
-67.05925
710.55901
-167.06447
39950.00657
-85.01833
23957.24314
396.49588
306.19706
-17.66328
654.91293
31.36133
-136.29491
551.44635
2368.09562
-184.44235
260143.11784
-368.57396
397.00786
-231.55843
425.17672
-383.62138
318.05661
-70.02279
277.64109
170.58326
-5.53006
369.23030
-175.84294
116.37267
11.25871
156.38821
36179.20090
-210.87022
-143.55379
-82.65684
-206.86162
209.96321
-41.38449
83.58604
235.77003
-107.09190
-294.53781
-70.82258
38854.67306
163.18830
139.48703
-363.16078
-294.04619
-232.85562
-135.63186
166.90892
************
258.11321
136.69953
-307.56862
9782.01082
1286.16917
10079.35994
40.05268
464.63445
-96.42778
-219.68976
56.16529
587241.59315
-123.65670
290.94079
598.65265
112.35479
-110.44174
125.52823
-249.92265
-21.99745
-83.56248
167.99117
-314.30326
-212.61174
115.07785
2069.51429
217.08752
273.42277
100.61821
157.42278
289.93162
-394.43519
-0.31499
-28.01037
331.88242
9967.94413
-378.92684
510157.18337
-286.90401
1565.77919
-36.38106
60.98441
10.54990
161.30367
439.13963
23692.04928
104.67037
369.62352
-174.29495
613.49556
-184.57898
921.30797
-13.14860
-88.71682
189.47678
89882.54728
-201.66360
1091.90965
-224.46339
260.77602
207.84518
************
26.15149
-284.04651
-49.75377
645.58907
-101.78383
-14.55459
31.03262
80.13727
-362.52051
220.40326
-119.52026
3298.99734
-191.03863
1688.57643
-325.27058
929.53502
121.31244
-149.22464
-358.12380
553.16978
-107.63301
198.53007
-109.69098
92.50301
-33.47096
-241.44056
107.10050
-197.63629
-313.51281
-216.49056
-100.55880
4048.10883
-36.75677
77.33173
-204.75929
17.50366
-153.46096
226557.69919
-130.04329
22813.36940
-173.51496
-201.07445
112.57007
824.71405
377.62624
75.64415
-242.62167
-234.05449
-202.12586
273.08216
-409.31983
-80.53968
-414.68016
726.94211
219.98594
5388.55747
-296.57353
242.32330
48.35287
47528.61653
170.01948
697.48159
-16.37680
1944.28026
-488.62440
24977.80002
29.36219
16576.04136
-411.35688
-162.98764
-228.34699
-158.51517
-157.70922
542.01888
-241.80322
16.90870
214.47562
342.89457
391.18535
6.87785
-240.63104
-157.13064
-425.47847
3135.42456
-19.17164
-210.49864
-498.45988
-120.91517
-86.30892
5372.43060
-261.75573
67.75100
125.43541
-203.09796
67.89117
-206.48651
16.33040
873.59582
354.61973
2038.01715
-105.03185
134.09507
-153.85646
427.13116
-68.15948
503.79701
-94.26948
7239.47436
-139.56375
-8.49712
-67.41923
388.69242
129.45230
-137.54903
-110.14405
229.24620
236.15995
23902.27496
-257.37374
4126.16466
3.96824
15732.59155
-137.73620
270.98887
-9.28297
1219.62286
-276.65911
-56.35416
473.36634
-56.53770
-116.66859
224.75531
-131.02941
-532.00608
-224.69056
-301.26238
-47.05199
143.27873
111.86842
678.10834
-441.72977
701.34486
37.32477
-123.59101
193.00575
-204.62724
-263.72582
527.15164
-52.90696
39624.09421
-90.83168
14967.67769
-226.42024
-259.38734
-183.16939
-200.88274
-246.89209
10117.01794
499.89543
709.28897
-47.95309
802.44960
312.80664
-215.97694
-400.23135
22583.76699
59.05747
223.99215
87.94624
166.59933
50.31959
2081.52782
-199.56538
70.77333
-163.87205
-147.29118
-184.28558
151.58622
75.28106
224.67790
-148.84666
808.14810
-74.17654
319.07452
-432.25880
12.47172
976.45845
42.90691
-119.90791
182.76647
125.88435
-387.17765
-297.40351
23.45737
-173.22319
-128.72890
-280.80659
1403.94660
-264.43530
-227.25200
-338.54573
81.34624
-195.04377
617.84674
113.32738
245.17836
-128.28584
72.51107
-110.29249
97.33802
-197.07301
-339.22169
-229.87210
4783.18893
-9.69949
-85.66592
-358.37656
-163.70775
63.05860
932.00798
-89.43980
7190.50058
62.42072
3.55495
12.85633
90.01499
-102.58446
361.22553
-102.76562
1558.59237
119.05605
990.41900
-184.87145
-309.92459
-260.56901
533.85400
-197.47873
73.12964
-75.15555
124.96179
-259.72764
-289.38395
-350.67771
10281.24145
530.17036
966.35451
-259.67929
-123.44273
-414.69862
9849.49685
-383.84180
-167.42747
63.51976
-328.83352
-271.18238
-307.42739
-198.50167
654.18100
-127.09131
-245.29149
501.64491
-133.09045
242.56168
83.61873
-184.48991
380.59571
-497.55924
-314.63129
309.20064
4888.56167
-36.88211
-75.16653
-282.95318
144.86052
-270.34474
-440.43639
-409.90604
-245.53937
115.53045
-433.98356
-312.88885
-195.31079
-256.85209
121.50699
-130.75807
-230.61490
-327.56766
35340.20844
80.16817
1955.43583
-403.07618
-307.11001
-195.85784
481.35364
-514.50029
-38.51596
-273.69686
-121.27675
-31.35562
82.82015
47.18850
236.99101
33.78575
109.49737
-249.69371
312.57990
168.37503
2599.53059
298.78376
42.53292
-126.03730
-451.67986
-398.47403
13093.63164
19.43053
11646.27108
-400.42614
4249.40417
76.36480
643.87725
-268.51756
6281.46672
10.13078
1038.36264
-18.35455
-101.97978
-68.94836
8.16005
265.41557
-98.25231
164.00589
24.40471
-400.89426
-191.22723
153.60786
-253.33779
-248.40361
162.67174
118.50232
-283.68549
-233.02379
-246.03733
-279.01836
20.86557
-447.25433
-57.62753
-510.62963
144.60670
-610.65060
506.96673
-207.93247
8776.64618
-272.45615
-437.72291
-81.03771
-208.80313
-639.45011
1363.34418
-218.07653
-18.21064
-105.61553
57.16069
-360.20610
-18.30265
-351.31850
-12.75569
-124.03947
382.85347
332.25497
346.07057
-102.21654
5185.39322
-342.78407
-399.36268
-109.22382
-398.55873
-175.02589
-233.48325
-27.92896
331.08860
-302.01757
85.34979
-498.98859
-246.85521
-466.31581
-176.22171
-424.58981
605.20743
356.15530
768.73481
119.31998
856.70381
-51.28196
238.65266
-439.56607
-491.93880
-223.18754
272.16015
-270.88796
642.81053
66.03060
-420.03281
-257.39516
-238.30852
-513.42858
-190.47659
-519.20512
-344.61110
-22.78509
-130.77190
-137.09954
-639.74855
117.28681
-61.32294
-56.20974
497.48129
-392.70095
4134.11236
-100.40162
69.28450
-379.01385
135.68906
-521.62174
-142.26912
85.33497
318.39701
-394.80064
263.52985
-437.58775
156.62675
-293.66982
-21.53235
-530.74888
3524.52128
-263.14572
-395.92873
-511.82645
116.88750
-16.65115
-408.93898
-432.43938
-109.87104
-194.97114
-29.07943
-236.97295
248.32657
-518.25672
423.46732
-205.07104
504.66002
-370.87463
-148.27689
-301.45353
-269.64859
-356.27109
-522.64690
-366.31047
49.34594
-379.14140
-171.76953
-305.83890
-300.69973
-263.91659
-140.72882
-132.11158
-470.42957
-291.01873
6.07062
-37.38736
-382.63020
-141.61341
855.01233
416.25122
-185.82113
-451.30097
759.16363
-480.99640
138.31172
-345.22813
1301.13483
-78.58120
-96.27343
-300.45177
-25.26584
-126.95314
-56.21799
-242.17822
153.04228
-551.78093
765.25392
-437.15738
-231.75762
-63.63287
-17.87709
-591.44005
-274.44262
-455.41893
153.63810
-480.44749
-34.51810
-198.73942
430.16861
-269.91185
164.47858
-140.75571
-439.14831
-462.55503
-314.11951
-457.46223
-276.38419
-531.20740
-134.98418
-378.57074
-2.82302
-406.89641
-194.79904
-284.85544
-320.37543
-497.78909
-253.72684
-386.45772
-290.10453
139.20467
1510.21144
-340.50065
586.84384
45.47448
-142.58600
-244.94456
-413.98372
-370.52156
-500.95977
-274.76697
1285.72610
-238.09083
-267.36620
-278.33302
-261.90533
-568.47427
-286.91249
-112.03125
788.88769
-559.84421
84.19201
-434.53018
-117.15456
-198.48758
-19.36535
1.25518
-250.22319
-281.95736
-147.93528
251.01462
476.66339
-303.74771
194.06410
-66.93770
654.38568
-423.43506
-288.49319
-91.76498
435.52475
-17.25629
-214.47202
-570.82103
-423.27329
-629.91824
-356.32762
-473.82938
-394.88714
-135.45712
-496.26203
-572.99626
-350.26295
-217.54469
20.60248
94.75620
88.43942
-398.32441
1110.35800
-244.23941
-268.95541
-315.60353
-124.28606
-395.64647
-232.19847
-292.60310
-238.03129
-456.47091
736.94101
-201.24416
-267.94188
-585.16574
57.50107
-146.33827
843.75867
-425.64474
1803.64733
-745.67928
-212.33369
-218.38023
-223.54209
-263.38512
-203.42320
-335.15148
-152.36007
-356.81215
137.95153
-219.56915
-362.73433
-392.49075
-61.09955
-154.83590
-213.03592
-452.97108
-170.81534
292.32091
480.13591
-208.16479
-316.43068
-235.70124
-267.98673
229.05204
-319.61736
-251.73361
216.62678
-288.02825
-232.65763
-174.38449
-251.24366
-479.70717
-161.90660
-408.54580
-466.65795
-560.02465
-180.07233
-445.35384
-159.61111
-245.42323
-40.72047
-655.46107
-511.10438
-26.50811
-344.66751
-214.72620
-190.93195
-304.42456
-16.81507
171.03522
-192.23507
-620.45818
646.66668
262.22246
106.22472
-331.83557
1258.36569
-249.15595
1259.71987
-253.62908
-485.29381
-181.96255
372.66366
-289.91380
-383.63386
-211.41143
37.42913
-576.66118
31.26066
-444.53232
31.61015
-602.46329
7.77350
-376.87541
582.42281
-124.67807
362.39780
-381.94102
826.63737
-285.45442
139.00835
-67.42254
-68.69523
-572.86562
299.95577
-531.54964
-195.88770
-512.57012
-277.72340
-370.63644
169.91419
-470.99236
-324.59779
-120.38179
-155.93923
-493.07623
-26.50431
-291.58792
-50.90608
-470.84022
-63.90978
-283.50344
-20.16757
-339.61722
3501.47573
-287.15702
-175.24690
-93.26337
-193.16145
-421.16576
-414.97657
-362.83668
459.38459
-492.83024
-391.74136
-456.11136
329.46862
-349.08373
-423.22131
-217.03655
171.90787
-486.94323
126.25929
-447.89544
293.53685
-17.17690
-332.24374
-382.64255
-816.02495
-400.61028
-313.08602
-523.30979
-358.29844
-267.51885
-306.21814
403.41997
-447.01813
-455.78943
37.64516
-481.59869
224.36099
-583.29323
-615.15077
-243.86071
-241.68791
334.95472
-550.39992
-337.29163
531.19091
-293.25880
-468.69191
-472.77534
-117.94993
-357.60677
109.33705
-18.12859
389.02517
-273.26831
-236.79412
-218.44274
-165.09606
-226.55305
98.84504
-615.67288
-132.98176
-377.23881
-139.19077
-473.62136
-33.57812
-492.12772
372.35972
-340.53976
-131.73500
-511.49325
-138.42734
-281.10917
-102.28561
-309.68833
192.55083
-533.79295
-195.37784
-483.47799
-198.28744
-420.69574
-697.84798
-725.52601
-614.73709
-424.49208
-122.47013
-543.28729
-368.18510
-57.00059
-154.61497
-417.13562
-285.04311
-531.65361
272.72178
-188.88689
-460.49078
-86.91975
-403.36540
-540.24860
-76.38155
-154.23639
-306.46535
-652.12500
-227.35120
-466.57987
-204.62015
-458.57581
169.63521
-445.43264
-412.17885
-585.20381
-186.43407
-531.22828
213.04222
-114.90159
-487.53156
-374.69958
2233.26978
-351.31538
37.77024
-742.56924
-0.05761
-764.28262
143.51453
-372.26086
408.18502
-187.01904
103.96325
-400.33714
-485.34304
-504.97053
-398.38900
-420.62429
248.03358
-602.87295
-188.21433
-305.40841
-423.86440
-411.96803
-599.30968
-313.30021
46.75530
-441.52327
-48.07079
-278.68472
-491.14025
-273.15852
-152.46537
-362.38660
423.52456
-206.26408
-387.15051
-58.98650
314.44447
-466.38567
444.95854
-75.37896
-169.98885
-256.03929
773.88915
-774.13432
-13.81862
-671.69105
-72.73402
-479.66803
-270.71865
-384.20259
-358.05836
223.14184
446.93613
-523.30855
-181.19634
-152.25377
-41.94681
-459.42863
-517.09491
-7.18691
-46.65628
-550.25167
234.51972
-198.70089
39.36472
-287.95057
-702.48764
-460.62791
63.36163
-319.37678
304.23844
-323.54945
-253.51433
-336.03249
0.28151
-546.76656
-460.40886
-95.27784
-54.26494
-231.57310
-70.78290
-295.11957
-189.82819
-514.81532
-289.38579
-550.48357
-779.90471
-295.42016
541.81761
-35.09034
-815.50858
-371.50189
-287.82773
-240.58511
-212.79312
-94.80466
-243.68646
-322.13734
-49.90976
-497.88863
179.43954
-446.51698
-171.89251
-704.42226
-47.45340
-511.51229
-135.26462
-373.26206
950.20827
-524.63099
-308.48485
-371.21130
-187.02888
-577.02200
-52.69495
-627.37739
-13.89204
-304.15765
-95.84570
-188.42414
-56.44879
-129.31140
121.07291
-449.55676
-198.68359
-729.63056
-416.58106
-531.59544
-365.48366
-434.39169
-184.31137
-634.85102
-513.79097
-433.10866
-135.89477
-538.02582
-370.67959
-227.10233
382.40019
-514.14426
-578.78152
-638.79977
10.17677
-513.77724
3.68063
-645.44739
250.23021
-295.43975
18.96812
-389.39589
166.38083
-284.43564
732.56171
-384.73861
-383.12375
-301.37789
-63.29884
423.86497
97.36148
-347.70098
-375.52999
-733.25439
-237.94371
-314.74821
-389.17330
-362.55739
-542.77338
-225.79157
-186.11057
-533.65561
-332.01267
-541.56874
1316.24292
-32.24330
-43.23263
-608.30205
2176.53713
-572.21825
106.63487
-248.76309
-199.20456
-672.09716
-227.76320
-85.03247
-131.12423
-258.45353
-15.36890
-421.65653
-183.91307
-225.28816
-357.62976
-504.13126
-121.99582
-517.03365
-101.05638
-386.48101
-169.19154
-281.61236
-616.17366
-163.94281
-98.19715
-249.26935
-159.37571
-820.89304
-78.62122
-576.90009
-32.46452
-524.06211
-555.47144
-406.34407
254.35037
-343.30621
1030.62377
-338.16617
-154.34448
-426.03839
-164.51006
-203.27606
-216.55362
-388.31979
-319.87071
-402.80073
126.31024
126.14741
-527.86630
-335.22372
191.28837
-319.67286
430.22290
-378.43270
73.88520
-495.06908
-51.93559
-499.32045
163.41218
-518.89267
-619.21063
-290.56419
-347.26467
-579.57207
-296.15921
-245.69100
-114.84328
-171.63891
-131.20572
-562.85412
-140.13302
-475.12435
-290.77557
-120.81294
-200.32503
-293.48153
-102.11861
-368.90141
207.40084
-597.99747
-107.46234
